3.44
3.11
6.51
2.95
2.97
2.93
2.92
2.74
2.79
2.72
2.81
2.59
2.77
2.83
2.65
2.81
2.98
2.94
5.83
5.96
5.78
2.78
2.8
2.63
2.77
2.87
2.78
2.59
2.74
2.84
2.68
2.8
3.05
2.69
2.64
3.2
3.71
2.77
2.88
2.77
2.83
2.97
3.17
2.79
2.86
2.8
2.87
2.73
2.81
2.72
2.82
2.76
2.87
2.71
2.72
2.99
2.85
2.69
3.2
4.61
3.2
2.97
3.13
2.85
2.92
2.81
3.42
5.98
3.08
2.8
2.95
3.19
2.84
2.93
2.7
2.7
3.19
6.02
2.65
2.86
2.98
2.97
2.86
2.9
6.49
2.74
2.85
2.81
2.77
2.5
5.95
2.93
2.73
2.73
2.61
7.12
2.8
3.05
5.65
5.29
2.78
2.56
6.22
2.65
5.93
6.39
4.73
3.09
5.94
5.95
5.58
3.06
2.75
2.74
2.82
5.73
6.14
2.91
2.68
5.35
2.94
2.85
9.34
3.0
3.19
6.53
5.83
2.97
5.45
2.63
3.02
2.99
2.9
2.94
3.43
2.94
3.06
3.1
2.76
2.82
2.85
2.74
2.84
2.8
2.81
2.81
3.42
2.95
2.98
2.68
2.85
2.79
2.76
2.72
3.13
3.15
2.91
2.77
2.85
2.99
2.69
2.8
2.79
2.94
2.86
3.34
2.72
2.77
2.9
5.77
2.87
2.67
2.75
2.87
2.77
5.85
6.03
2.83
2.86
6.05
5.94
6.41
2.83
2.78
5.88
2.96
4.58
4.84
7.44
2.86
2.87
2.78
6.28
2.72
2.79
2.67
2.96
6.69
5.93
2.66
2.86
2.83
6.76
2.77
4.89
2.84
2.81
2.92
2.81
3.02
2.73
5.84
5.06
2.74
2.91
6.02
5.9
2.85
7.08
5.07
2.92
2.86
2.76
2.85
2.78
2.91
5.23
2.8
3.06
3.62
3.82
3.71
7.17
2.85
2.72
2.93
2.85
2.94
2.64
2.8
2.93
6.15
2.84
2.74
2.74
2.69
2.86
3.02
2.8
6.06
5.9
2.78
2.88
5.98
2.87
2.62
2.72
2.66
6.26
7.28
6.92
5.33
2.86
6.76
2.88
2.8
2.81
2.78
2.9
3.02
2.88
2.83
2.81
2.83
3.08
2.69
2.74
2.7
2.78
2.76
2.85
5.8
2.92
2.82
2.91
2.83
3.15
3.05
2.82
2.75
2.77
2.84
2.76
2.93
5.72
2.84
2.93
2.52
2.61
2.59
2.86
2.78
2.72
2.81
2.9
2.86
2.82
2.83
2.84
2.85
2.82
2.88
2.91
2.78
2.9
2.76
2.81
2.93
5.78
2.87
2.79
2.89
2.67
2.86
5.72
2.86
2.95
2.89
2.98
2.83
2.92
2.53
2.64
2.85
2.74
2.73
2.44
2.6
2.71
2.75
2.97
2.84
2.96
2.8
2.87
3.09
2.96
3.33
3.11
2.79
2.88
2.87
2.99
2.93
2.78
3.17
2.89
3.12
2.83
3.03
3.04
5.79
5.56
3.09
5.78
5.58
2.94
2.82
2.76
2.84
2.7
2.62
7.24
2.85
2.75
5.94
2.87
2.6
6.18
2.67
5.9
6.54
4.99
5.79
5.39
5.46
2.99
2.76
2.75
2.87
5.91
6.06
2.86
2.55
5.73
2.96
2.94
9.18
2.97
3.53
7.38
5.54
3.02
5.46
2.6
6.91
3.05
3.04
2.9
2.9
2.77
2.78
2.7
7.27
3.01
2.87
5.87
2.78
2.54
6.07
2.66
5.8
6.56
4.83
6.08
6.04
5.66
5.37
2.93
2.76
2.69
2.81
5.98
6.03
2.88
2.66
5.55
2.79
3.02
2.84
6.93
5.22
3.35
5.52
2.54
3.23
2.89
2.91
3.0
2.51
2.87
2.78
2.78
2.86
2.86
2.8
3.0
3.12
3.1
2.76
2.96
2.97
2.87
2.86
3.07
2.85
2.95
2.8
2.74
3.04
2.64
2.65
2.94
2.87
2.77
2.88
2.85
2.87
2.86
3.0
2.97
2.98
2.71
2.86
2.78
2.63
2.71
2.57
2.7
2.63
2.79
2.71
2.76
2.78
2.77
2.76
3.1
2.74
2.93
3.37
2.64
3.13
2.97
2.74
2.87
3.12
2.97
2.79
3.69
3.15
2.92
3.3
2.92
2.48
3.0
2.54
3.0
3.23
2.96
3.12
2.92
3.37
3.99
3.45
4.04
3.67
4.36
2.74
2.88
2.78
2.74
2.75
2.87
2.87
2.75
2.81
2.88
2.7
3.77
3.06
3.19
2.92
2.82
3.02
2.86
2.83
2.56
2.86
2.71
2.84
5.61
2.96
3.09
3.01
2.86
2.83
2.8
2.67
4.88
2.63
4.74
2.69
5.04
2.62
4.84
3.05
2.89
5.24
4.35
3.14
3.45
3.67
4.53
6.53
3.52
2.96
3.21
5.15
3.18
2.77
4.81
3.55
3.51
3.17
3.14
2.6
3.05
3.31
2.79
3.07
2.83
2.8
3.0
2.66
2.47
2.67
2.69
2.47
2.71
2.79
2.83
2.8
2.92
2.83
2.7
2.69
2.76
2.82
2.83
5.79
2.88
2.92
7.44
3.24
2.75
5.8
3.01
2.84
2.9
2.58
2.84
2.87
2.77
2.85
2.84
2.76
2.76
2.68
2.56
2.99
3.4
3.03
3.05
3.18
3.09
3.1
3.12
3.14
2.97
3.3
3.21
3.36
3.27
3.13
3.23
3.24
3.16
3.29
5.11
3.12
5.89
2.86
5.71
2.85
2.82
2.82
2.87
2.8
2.65
6.56
3.01
3.28
3.05
2.68
3.17
2.81
2.89
2.63
7.34
2.85
2.87
5.92
2.81
2.57
6.17
2.73
6.55
4.72
5.98
5.63
5.7
2.91
2.79
2.88
2.96
5.75
6.15
3.05
2.64
5.52
2.98
2.86
3.07
3.38
6.99
6.04
3.35
5.43
2.86
6.46
2.9
2.89
2.91
2.85
2.56
2.78
3.94
3.94
3.05
2.76
2.79
2.65
2.95
2.76
2.93
2.77
2.79
2.76
2.77
2.83
2.84
5.79
2.82
2.86
2.92
2.82
2.81
2.8
2.59
3.21
3.81
2.83
3.18
3.4
2.79
2.78
3.33
5.92
4.36
5.75
2.83
2.89
2.85
2.95
3.06
2.91
3.05
2.79
3.03
2.8
2.98
3.1
2.98
3.01
2.77
3.04
2.83
3.1
2.95
2.87
3.02
2.75
3.1
2.78
3.33
3.74
2.71
2.87
3.07
2.9
2.92
2.82
2.96
2.75
2.76
2.8
2.85
2.87
2.93
2.87
2.95
3.09
2.8
2.91
2.64
2.7
3.13
3.05
2.91
2.72
2.88
2.69
3.01
2.96
2.73
5.2
5.24
5.26
5.08
2.89
2.8
2.73
2.77
2.76
2.79
2.73
2.88
2.77
2.83
3.28
2.9
2.76
2.68
4.48
2.65
2.83
2.82
3.06
4.7
2.66
2.87
2.86
3.11
2.82
4.13
6.29
3.09
2.76
3.09
5.01
2.69
3.04
3.03
2.89
3.53
3.19
3.4
2.76
2.98
2.82
2.91
5.43
2.76
3.13
3.08
2.77
3.94
3.25
3.02
2.71
3.0
3.18
3.11
5.35
2.97
3.24
2.79
2.93
3.31
3.24
2.76
2.92
2.81
3.03
4.91
2.82
2.92
3.03
2.82
3.85
3.65
2.82
3.06
3.43
3.16
2.76
2.93
5.87
2.92
2.72
2.84
2.88
2.87
2.79
2.8
3.4
3.12
6.05
2.79
2.99
3.08
2.9
2.8
2.68
2.84
2.75
6.25
2.94
3.03
2.9
3.35
3.07
2.62
2.91
2.85
2.85
2.91
2.89
2.95
2.96
2.76
2.63
2.82
2.97
2.83
2.76
2.89
2.92
2.91
2.86
2.93
2.77
3.0
2.82
6.2
3.13
2.94
5.73
5.49
3.04
2.8
2.73
5.62
5.97
3.29
3.67
3.26
2.71
2.97
3.08
2.91
5.9
3.02
2.78
5.91
2.88
2.89
2.73
3.02
2.76
6.32
6.09
2.94
5.56
2.97
2.8
6.92
5.58
3.22
2.84
2.84
2.84
2.85
2.83
2.85
2.85
2.97
7.24
2.84
2.83
2.85
2.85
2.82
2.84
2.86
2.84
2.84
2.85
2.84
2.84
2.84
2.85
2.84
2.86
2.85
2.84
2.85
2.84
2.85
2.84
2.91
2.85
2.97
2.24
3.19
2.83
2.84
2.83
2.84
3.81
2.83
2.82
2.69
6.62
5.98
6.15
6.05
2.98
5.89
2.82
2.85
2.87
2.85
2.84
2.87
7.14
5.92
5.72
2.85
2.82
2.84
2.85
2.85
5.22
2.86
2.83
2.84
2.84
2.84
2.83
2.84
2.86
2.83
2.84
2.84
5.62
6.3
2.84
2.84
2.94
4.97
2.86
2.84
2.83
2.83
2.83
2.82
2.85
2.83
5.96
2.83
5.75
7.07
2.83
2.83
7.11
2.85
7.23
2.85
2.84
2.86
2.82
2.84
2.84
2.84
2.84
2.91
5.74
5.01
2.84
2.82
2.82
2.84
2.83
2.85
2.85
2.83
2.81
2.91
2.83
2.86
2.85
6.55
2.84
2.85
2.83
2.83
2.85
5.61
2.83
2.83
2.84
2.86
2.84
2.84
4.91
5.37
6.17
2.86
2.84
2.84
2.85
2.83
2.86
2.82
2.83
2.82
2.83
2.85
2.85
2.86
2.83
2.84
6.09
2.84
2.84
2.82
2.84
2.81
2.86
2.83
2.83
2.85
2.84
6.2
2.84
2.85
2.84
5.28
6.1
2.84
2.76
2.84
3.09
2.85
2.84
4.79
2.85
2.84
2.85
2.85
2.87
2.86
2.83
2.85
2.83
2.84
2.83
2.82
2.84
2.87
5.89
2.82
2.82
2.81
2.83
2.82
5.59
2.83
2.85
2.82
2.83
7.08
2.85
2.85
2.87
2.82
2.88
4.36
2.84
3.18
6.72
2.84
2.84
2.84
2.84
2.84
6.38
2.89
2.84
2.85
2.84
2.83
2.86
2.86
2.86
2.85
2.85
2.85
7.31
2.88
2.81
2.85
2.82
2.85
2.83
2.84
2.84
2.84
2.84
2.84
2.84
2.84
2.84
2.85
2.84
2.84
2.85
2.85
2.84
2.82
3.21
2.85
2.84
2.84
2.84
2.85
2.85
2.86
2.84
2.85
2.85
2.84
4.53
2.84
7.18
2.82
2.84
2.83
2.82
2.84
2.78
2.83
2.83
6.45
2.83
5.85
2.85
2.83
2.85
2.83
2.82
2.87
2.86
2.85
2.84
2.83
2.84
2.83
2.85
2.83
2.82
2.83
2.84
5.69
2.84
2.84
2.89
2.85
2.86
3.02
2.83
2.84
2.83
2.83
2.86
2.85
2.86
2.85
2.86
2.86
2.85
2.85
2.85
2.85
2.84
2.85
5.95
2.84
2.85
2.85
2.84
5.87
2.84
2.84
2.84
2.84
3.68
6.72
2.79
2.71
5.88
6.01
5.93
2.78
2.84
5.06
3.32
2.84
2.94
2.97
3.2
3.04
2.95
2.92
2.94
6.87
2.72
5.26
4.97
7.23
2.84
2.83
2.93
2.77
5.85
2.69
2.84
6.25
2.8
2.89
2.81
2.76
2.79
2.8
4.88
6.14
3.04
3.01
3.22
2.99
3.1
3.04
2.84
3.02
2.88
2.86
2.81
2.89
2.92
3.54
2.85
2.97
2.82
2.98
3.22
3.17
2.94
3.01
3.24
3.8
3.19
2.9
5.06
3.04
2.98
3.13
2.81
2.77
2.82
2.7
2.72
2.79
2.82
3.23
2.77
6.41
2.83
3.01
3.15
2.89
5.87
5.81
4.91
2.78
2.75
2.84
2.82
2.69
3.13
6.17
6.86
2.87
2.78
3.59
5.76
2.97
5.88
2.87
6.94
2.79
2.81
2.91
2.81
5.44
2.85
2.96
2.95
3.18
2.97
2.88
2.88
2.8
2.87
2.88
5.84
2.83
2.8
2.85
2.72
3.19
2.74
2.77
2.82
2.76
2.84
2.73
2.92
3.23
2.95
3.15
3.0
2.9
2.85
2.94
2.72
2.78
2.85
2.76
2.87
6.71
2.96
2.81
6.08
2.96
2.8
2.85
2.95
3.53
3.34
3.01
3.05
2.94
5.94
2.89
3.24
3.06
2.87
5.08
3.1
5.64
2.88
2.96
2.68
2.82
2.85
2.96
2.79
3.45
2.82
3.17
5.85
2.81
2.89
2.9
2.86
2.78
2.89
5.58
2.71
2.81
3.0
3.0
3.09
2.78
2.83
2.77
2.76
2.48
6.75
2.94
2.89
5.86
5.85
2.79
2.7
2.76
2.73
2.71
2.74
2.76
2.77
2.83
2.91
2.97
3.2
2.42
2.87
2.89
3.01
2.83
3.05
3.05
2.86
2.94
2.76
2.88
2.96
2.91
2.93
2.99
3.06
2.91
2.64
2.76
2.83
2.78
5.39
5.79
2.81
2.86
2.92
2.86
2.74
2.73
2.8
2.93
2.97
2.97
2.96
2.81
2.75
2.74
2.94
2.91
2.76
2.86
2.89
2.85
6.2
3.05
2.88
2.91
2.96
2.9
2.81
3.11
6.97
2.84
2.85
2.93
2.9
3.2
2.84
2.99
2.86
2.94
2.77
2.87
2.71
5.75
2.83
2.79
5.73
2.91
2.88
2.74
3.43
2.73
2.73
2.79
2.85
6.96
3.21
6.0
2.77
2.92
2.93
5.76
2.86
2.74
2.76
6.23
3.18
6.04
4.55
3.09
2.64
2.89
2.77
2.9
3.16
2.73
2.88
2.75
4.96
2.77
2.8
3.19
2.85
2.81
3.03
2.9
2.99
2.87
2.9
2.75
2.65
3.17
2.84
3.41
3.24
2.93
2.87
3.63
2.82
3.28
3.03
2.86
3.17
2.95
2.9
3.15
2.97
2.98
2.88
2.86
2.91
5.65
2.95
2.65
2.82
3.04
3.01
3.05
2.9
2.95
5.77
2.85
2.84
3.01
2.74
2.71
2.84
2.83
3.05
3.03
2.8
2.99
2.81
2.82
2.74
2.79
2.9
2.96
2.81
6.32
2.98
2.97
3.03
2.96
5.66
3.03
2.99
2.96
2.82
6.5
6.1
2.91
2.92
3.08
3.01
3.18
2.91
3.06
3.81
2.83
5.5
7.13
2.89
3.02
2.78
4.56
2.74
4.19
2.9
2.85
3.28
2.83
3.04
4.74
2.91
3.01
2.99
3.05
2.85
2.88
3.4
2.96
2.97
2.84
7.8
2.93
3.41
2.92
2.9
2.42
3.49
4.1
2.76
5.98
2.61
2.87
5.83
2.99
3.65
4.54
3.72
2.6
2.94
4.69
2.91
3.69
2.78
6.83
3.38
3.17
3.0
3.55
2.8
3.66
3.03
3.26
6.05
5.4
2.89
3.03
2.74
2.94
2.93
5.49
3.14
2.94
3.0
2.81
6.42
5.12
3.34
3.0
6.57
3.07
2.81
3.78
2.92
2.83
3.77
2.55
3.17
3.07
3.26
4.41
5.54
3.21
2.87
6.09
2.86
2.86
6.27
2.88
2.86
2.84
2.86
2.92
2.84
2.88
2.86
2.88
5.05
2.85
2.85
6.03
5.89
6.86
6.16
5.72
8.16
2.85
2.86
4.97
7.9
3.29
2.87
2.85
2.88
2.87
2.86
4.71
2.87
5.85
4.9
2.88
2.86
2.85
2.86
5.06
5.78
5.85
2.87
2.85
2.86
2.87
6.89
2.85
2.83
3.88
2.84
5.7
2.85
2.86
2.85
6.74
2.85
5.71
3.31
6.09
2.88
2.65
5.47
2.83
2.86
2.84
5.89
3.28
2.88
2.87
5.71
2.82
2.87
2.86
2.86
5.68
2.87
2.85
2.88
2.87
2.88
2.86
2.86
2.86
2.86
2.82
2.85
2.86
2.87
4.64
2.85
2.86
2.56
5.89
2.88
2.82
2.86
4.86
2.87
3.28
2.83
2.85
2.86
2.83
4.85
2.9
6.8
2.85
2.88
2.86
2.89
2.89
2.86
6.68
2.85
2.88
6.35
7.71
2.86
2.87
2.7
3.15
6.29
6.08
6.16
5.78
2.79
6.09
2.64
2.86
3.48
2.46
7.75
2.9
3.82
2.63
2.78
7.32
2.8
2.56
4.98
4.24
2.83
2.95
2.72
5.98
3.02
5.55
2.76
2.78
3.04
2.7
2.64
3.05
2.65
2.32
2.72
3.25
5.01
2.49
2.88
6.25
4.92
4.07
3.1
2.61
4.69
5.89
9.57
4.01
4.9
2.82
2.7
2.99
2.46
6.81
6.09
2.87
2.84
2.86
5.51
7.23
2.79
2.74
3.86
2.56
3.31
3.46
6.95
5.99
2.82
2.7
2.88
2.62
3.19
3.88
2.45
2.87
5.17
2.61
3.02
2.94
2.96
4.27
2.98
3.17
2.43
6.03
2.48
3.04
2.91
3.05
3.11
2.8
5.37
3.06
2.83
2.7
2.54
2.6
2.71
2.59
2.53
6.8
3.26
5.16
3.01
2.41
3.57
3.45
2.83
2.67
2.97
3.18
3.49
4.09
2.73
3.0
2.38
2.43
2.33
4.78
3.22
2.87
2.52
2.78
2.96
3.01
2.83
2.77
5.79
3.13
7.3
2.99
3.14
2.93
4.85
5.66
2.36
2.6
4.9
3.26
3.16
3.13
2.41
3.33
2.79
2.81
3.07
3.05
5.35
2.88
2.57
2.57
2.4
3.13
2.95
3.35
2.28
2.78
2.93
3.24
5.97
2.82
2.81
2.78
3.03
3.01
3.02
3.0
3.0
2.66
2.66
2.72
2.7
2.56
2.69
2.64
2.73
2.56
2.98
2.98
2.74
3.07
3.29
3.0
3.68
3.02
2.9
2.74
3.06
6.21
5.69
2.78
2.8
2.98
3.87
2.98
3.86
2.98
3.86
4.21
2.91
2.72
2.68
2.72
2.63
3.12
2.88
2.88
2.9
2.87
2.86
3.0
2.89
3.01
2.84
3.4
2.83
8.75
2.92
5.8
2.75
2.84
2.75
2.76
5.84
6.14
4.83
2.81
5.83
5.84
5.37
2.89
5.72
2.84
2.88
2.82
2.73
5.91
6.08
4.74
3.27
3.01
2.84
2.72
2.87
2.82
2.68
3.01
2.83
2.63
4.88
2.92
2.73
2.81
5.82
6.11
2.81
5.21
2.82
2.67
2.74
6.03
2.73
2.66
2.84
2.8
2.71
2.87
3.4
2.82
2.72
3.23
2.77
3.09
2.95
3.25
2.89
3.03
2.72
3.14
2.64
2.89
3.28
2.74
2.7
2.77
2.82
2.99
2.8
2.84
2.95
2.72
2.78
2.78
2.75
2.8
2.78
2.81
2.8
2.74
2.83
2.74
2.89
2.68
2.75
2.68
2.7
3.44
3.52
2.91
2.86
2.76
2.92
2.79
2.75
3.75
2.87
2.66
2.55
2.77
2.79
3.01
2.98
2.72
3.15
2.85
3.02
2.8
3.08
3.56
3.03
2.82
2.73
2.88
2.95
2.84
2.96
3.33
2.91
4.49
3.0
2.75
2.74
3.1
3.0
2.88
2.88
3.17
2.78
2.94
2.93
3.12
2.93
3.05
3.69
3.62
2.87
2.93
2.83
2.87
3.01
2.92
2.86
2.76
7.12
2.88
2.96
5.97
4.97
2.9
2.63
6.07
2.76
6.12
6.07
5.12
2.85
6.05
6.05
5.78
2.95
2.74
3.0
2.98
5.75
5.99
2.88
2.65
5.61
2.81
2.66
3.27
7.37
5.68
3.09
5.42
2.8
3.11
2.88
2.95
2.84
2.97
2.69
2.78
2.76
3.01
2.99
2.94
2.66
2.78
2.76
2.6
5.88
2.93
2.98
2.83
3.06
3.95
3.01
2.86
3.02
2.88
3.07
3.96
3.01
2.87
3.03
2.88
2.65
2.63
2.73
2.84
2.8
2.82
2.68
2.76
3.03
3.1
2.88
2.97
2.69
2.84
2.87
2.83
2.79
2.66
2.88
5.8
2.77
2.96
3.25
2.86
2.99
3.01
5.82
6.24
6.49
5.76
5.7
3.29
7.28
2.89
5.04
2.95
2.67
5.34
2.89
2.67
2.6
2.64
5.59
2.73
5.13
2.88
2.78
2.89
2.66
5.65
7.34
2.84
5.99
2.81
2.86
2.93
2.81
2.77
3.03
2.99
2.81
2.83
2.87
2.92
2.84
5.4
3.52
2.74
2.89
3.24
3.64
2.72
2.99
2.77
2.89
2.6
2.86
2.84
2.68
2.71
5.88
2.76
2.84
2.85
3.04
5.73
2.86
2.71
2.83
2.89
2.77
2.78
3.15
2.88
6.26
2.99
2.69
2.83
5.71
2.66
4.17
2.97
2.96
2.61
2.68
7.04
3.26
6.39
3.0
2.77
2.88
2.71
2.9
2.76
2.79
2.9
2.86
4.53
4.01
4.47
4.25
3.21
2.84
2.77
5.04
2.85
2.83
3.41
2.74
2.94
2.99
2.86
2.81
2.83
2.85
6.71
2.87
2.96
2.68
2.85
2.65
2.77
5.68
2.93
2.81
2.74
2.74
2.84
3.3
3.24
3.93
6.23
2.95
2.67
2.79
2.83
2.91
2.78
2.95
2.92
3.29
3.21
2.87
2.89
2.87
7.12
2.94
3.07
6.0
3.14
2.88
5.67
2.84
6.59
4.91
3.06
6.07
6.01
5.8
2.96
2.74
3.26
3.09
5.68
5.64
2.99
2.48
2.95
2.93
2.99
6.14
5.3
3.38
5.87
3.07
3.11
2.9
3.27
2.9
3.82
2.86
2.92
2.6
5.69
2.74
2.9
2.83
2.94
2.5
2.84
2.87
2.81
2.58
2.9
3.2
2.81
2.81
2.72
2.85
2.95
3.09
2.84
2.93
2.85
3.0
3.47
2.82
2.89
2.86
3.13
2.9
2.87
3.41
4.41
2.99
3.64
2.89
2.79
2.91
2.84
2.78
2.77
2.84
2.5
2.85
2.79
2.88
2.95
2.86
2.86
2.85
2.81
2.93
2.96
2.72
2.98
2.9
2.84
2.82
2.93
2.82
2.74
2.85
2.84
2.77
2.68
2.74
2.9
2.57
2.85
2.82
2.81
2.77
4.73
3.26
2.93
2.61
2.76
2.68
2.73
2.94
2.88
2.99
2.71
2.78
2.88
2.76
2.84
2.59
2.96
2.95
2.68
2.85
2.85
2.89
3.0
2.81
2.85
2.77
2.84
6.77
2.76
2.84
2.84
2.83
2.84
2.84
2.84
2.84
2.85
2.84
2.84
2.83
2.83
2.63
3.04
3.07
2.7
2.87
2.78
2.8
3.05
3.14
3.53
2.75
3.02
3.03
2.74
2.76
9.26
5.91
6.05
2.67
2.65
2.53
2.82
2.84
3.03
2.92
2.71
2.79
6.55
2.67
2.59
2.75
2.7
6.02
2.79
2.75
2.7
2.86
5.82
2.94
3.12
2.73
2.86
5.44
2.82
2.98
2.76
2.88
2.94
2.79
2.86
3.04
2.83
2.85
2.99
2.84
2.85
2.96
2.79
2.89
3.0
2.9
2.82
3.0
2.78
2.87
2.95
2.82
2.51
2.68
2.77
2.89
2.78
2.76
2.67
2.74
2.95
2.61
2.66
2.74
2.73
2.97
2.72
2.64
2.86
3.04
2.84
6.87
2.95
2.95
5.88
2.89
2.84
5.93
2.87
5.57
2.82
6.09
5.44
5.28
2.86
2.92
2.97
2.87
5.76
5.92
2.94
2.77
2.92
2.83
7.36
2.95
2.9
5.97
6.47
2.83
5.48
2.91
2.84
2.83
2.95
2.77
2.82
2.81
2.73
3.05
2.78
2.85
2.8
2.89
6.36
2.81
5.21
2.88
5.68
6.29
6.02
5.84
2.84
2.9
5.87
4.66
2.82
5.63
2.66
2.88
2.83
5.96
4.79
2.86
2.82
5.95
2.8
5.67
2.78
2.79
2.86
2.78
2.74
2.83
5.39
3.0
2.91
2.78
2.85
2.84
2.81
2.81
5.87
2.77
5.82
2.93
2.98
2.84
5.87
2.91
5.55
2.8
6.61
5.96
5.9
3.13
2.84
3.01
3.04
2.97
2.79
2.85
2.8
3.04
4.71
2.72
2.8
2.87
2.71
2.75
2.79
2.88
2.84
5.38
2.88
7.36
2.79
5.82
2.84
3.01
2.83
7.33
2.87
2.96
5.77
4.97
2.87
2.87
5.94
2.84
6.59
5.35
2.81
5.96
5.58
5.42
2.89
2.86
2.82
2.96
5.7
5.97
2.97
2.86
5.31
2.93
2.93
8.99
2.97
2.75
7.08
6.09
2.72
5.49
2.85
2.89
2.83
2.83
2.86
2.87
2.65
2.76
2.99
2.78
2.88
2.76
2.87
6.49
2.81
5.62
6.32
2.87
5.83
6.51
6.02
5.81
2.93
2.86
6.03
4.8
2.82
2.73
2.82
2.83
5.85
4.98
2.83
2.9
6.0
7.11
2.87
5.66
2.85
2.73
2.86
2.84
2.76
6.86
2.75
5.75
2.83
3.12
2.74
2.82
2.84
2.82
2.83
5.98
2.68
5.79
2.92
2.9
2.74
5.73
2.91
5.88
2.77
6.18
5.85
5.91
3.19
2.82
2.88
2.92
2.96
2.76
2.81
2.77
2.96
4.64
2.81
2.84
2.86
2.73
2.85
2.8
2.8
2.83
5.69
2.88
7.3
2.85
5.65
3.04
3.16
3.38
2.79
2.91
2.86
2.88
2.92
2.67
7.37
2.71
2.88
2.83
2.75
2.83
3.01
2.76
2.64
5.97
2.77
2.82
6.03
2.91
3.73
2.84
5.01
2.98
2.9
5.84
2.87
6.06
6.01
2.7
2.87
2.82
2.82
6.47
2.83
2.83
2.73
2.82
2.77
2.82
2.91
2.76
5.75
6.06
2.82
2.81
2.95
2.84
2.91
5.85
2.84
2.86
2.95
2.77
6.51
5.69
2.89
5.72
2.78
2.7
2.87
2.89
2.79
2.81
2.83
2.78
2.81
3.04
2.85
2.74
2.78
4.72
2.93
2.82
5.72
2.92
2.78
2.83
2.73
2.86
2.78
2.85
5.67
2.97
2.77
2.88
2.82
2.79
2.93
5.7
5.86
6.46
5.9
5.71
8.32
2.91
2.83
5.84
2.84
2.85
5.82
2.83
2.83
2.81
2.81
2.84
5.71
4.79
2.94
2.88
2.88
2.93
5.53
5.89
5.82
2.73
2.84
2.8
2.9
2.95
2.78
2.84
5.18
2.69
2.86
2.72
2.79
2.92
2.79
2.85
2.93
4.3
2.73
2.88
6.0
2.74
2.63
5.79
5.9
2.74
2.95
2.99
5.95
2.79
5.84
2.74
5.83
2.77
2.78
2.83
5.73
2.73
2.83
2.81
2.81
2.8
6.74
6.8
5.71
4.31
2.92
2.96
2.8
2.9
3.01
2.86
2.86
2.74
2.97
3.01
2.87
2.8
3.01
2.92
2.99
2.92
2.78
2.83
3.17
2.82
2.84
2.79
2.71
2.74
2.96
2.84
2.78
2.75
2.77
2.78
2.82
6.55
2.88
2.85
2.87
2.74
2.8
2.82
5.88
2.9
2.86
6.81
2.95
2.79
2.91
2.87
2.89
2.92
2.69
7.38
2.67
2.87
2.85
2.74
2.91
2.78
2.76
3.06
5.97
2.78
2.83
5.99
2.87
3.72
2.83
4.98
2.97
2.92
5.83
2.86
6.05
6.01
2.72
2.87
2.82
2.81
6.46
2.83
2.84
2.72
2.82
2.78
2.83
2.9
2.77
5.74
6.05
2.84
2.81
2.96
2.88
2.91
5.85
2.86
2.85
2.94
2.79
6.49
5.68
2.88
5.73
2.78
2.69
2.87
2.89
2.79
2.83
2.83
2.78
2.79
3.02
2.86
2.75
2.79
4.73
2.93
2.81
5.71
2.93
2.78
2.82
2.75
2.87
2.78
2.84
5.65
2.9
2.78
2.96
2.81
2.8
2.93
5.72
5.86
6.48
5.93
5.71
8.3
2.77
2.69
5.85
2.84
2.85
5.89
2.82
2.84
2.81
2.78
2.84
5.7
4.84
2.93
2.86
2.87
2.93
5.5
5.87
5.8
2.77
2.84
2.81
2.89
2.93
2.77
2.84
5.19
2.82
2.9
2.73
2.78
2.76
2.79
2.87
2.94
4.29
2.7
2.9
6.02
2.74
2.6
5.81
5.88
2.75
2.94
3.0
5.93
2.8
5.84
2.74
5.82
2.77
2.8
2.84
5.74
2.73
2.82
2.83
2.81
2.77
6.75
6.78
4.32
2.93
2.96
2.71
3.01
2.93
2.91
2.95
2.75
2.85
2.92
2.72
2.8
2.93
2.9
2.75
2.82
2.77
2.85
3.17
2.82
2.85
2.76
2.71
2.75
2.98
2.83
2.78
2.75
2.8
2.78
2.82
6.57
2.87
2.86
2.87
2.72
2.81
2.83
6.0
2.89
2.85
6.81
2.95
3.04
3.07
2.7
7.06
2.98
5.77
3.26
3.14
6.1
3.19
6.38
6.56
4.74
3.04
5.5
6.17
4.96
3.04
3.29
2.71
3.14
4.57
5.55
5.76
6.58
2.98
2.78
5.88
3.56
3.21
3.96
3.31
6.13
5.98
2.94
7.39
3.33
2.64
2.8
2.85
3.0
2.77
3.94
2.81
2.61
3.05
5.42
2.9
2.93
6.0
6.43
5.82
5.64
3.08
9.24
6.05
4.92
2.87
5.62
2.79
2.66
5.75
4.79
2.86
2.74
5.93
7.13
3.28
6.18
2.78
2.9
3.11
2.91
3.51
6.74
2.72
5.08
2.83
2.79
2.93
3.01
2.89
5.94
5.31
3.33
5.72
3.39
2.89
3.28
5.79
2.73
5.35
2.7
6.53
6.05
6.1
2.84
2.82
2.97
2.77
2.77
2.82
3.26
2.82
3.01
2.73
2.67
2.74
2.96
2.89
3.0
2.8
2.75
6.16
3.0
6.07
3.34
5.49
3.14
3.1
2.91
7.02
2.98
5.74
3.28
3.12
6.08
3.24
6.4
6.54
4.82
3.03
5.59
6.16
4.94
3.09
3.29
2.7
3.04
4.5
5.47
5.78
6.75
3.05
2.78
5.87
3.51
3.28
3.97
3.35
6.14
6.04
2.88
7.43
3.36
3.01
2.48
2.98
2.2
3.89
3.94
2.79
2.63
3.07
5.42
2.92
5.81
2.94
5.96
6.42
5.83
5.65
3.1
9.24
6.03
4.93
2.85
5.83
5.65
2.77
2.68
5.77
4.81
2.84
2.74
5.95
7.15
2.76
6.15
2.83
2.89
3.12
2.91
3.49
6.71
2.71
5.08
2.81
2.78
2.92
2.99
2.86
5.94
5.34
3.34
5.7
3.38
2.89
3.28
5.79
2.73
5.29
2.71
6.52
6.09
2.84
2.83
2.95
2.77
2.8
2.84
3.27
2.83
3.01
5.2
2.72
2.67
2.72
2.99
2.92
3.02
2.78
2.75
6.17
3.0
6.06
3.34
5.48
2.86
3.1
2.99
7.54
3.18
3.1
5.85
3.03
3.11
5.64
2.7
6.62
6.5
5.46
2.96
5.86
5.78
5.4
2.86
3.32
2.87
3.09
5.76
5.76
3.1
2.86
3.33
3.13
3.18
3.3
7.57
6.02
3.21
6.73
3.03
2.94
2.88
3.09
2.87
3.02
2.89
3.21
3.26
2.97
3.81
3.52
2.84
2.89
2.93
5.77
3.06
5.44
2.84
5.93
6.0
5.65
5.96
3.09
9.44
6.29
5.06
2.8
5.2
2.8
2.77
5.6
4.94
2.73
2.96
5.94
7.08
2.79
5.64
2.74
3.17
3.1
2.87
3.03
2.83
5.16
3.16
2.74
2.82
2.93
2.71
2.83
5.82
5.28
2.81
5.64
3.27
3.06
3.2
5.86
2.74
5.67
2.73
6.73
5.58
5.91
2.88
3.1
3.06
2.84
2.86
2.94
2.94
3.07
5.19
2.83
2.79
2.72
3.0
2.76
2.91
2.86
2.87
6.03
6.03
2.91
2.89
5.52
2.86
3.1
2.98
7.54
3.16
3.1
5.86
3.04
3.12
5.63
2.7
6.62
6.49
5.44
2.96
5.87
5.77
5.4
2.87
3.31
2.86
3.1
5.77
5.78
3.11
2.87
3.35
3.13
3.19
3.3
7.56
6.02
3.21
6.73
3.03
2.95
2.89
3.09
2.87
3.02
2.9
3.21
3.26
2.96
3.81
3.52
2.84
2.89
2.93
5.76
3.08
5.44
2.84
5.94
6.02
5.64
5.97
3.1
9.44
6.28
5.07
2.78
5.21
2.79
2.76
5.58
4.92
2.72
2.95
5.93
7.1
2.75
5.65
2.74
3.16
3.09
2.88
3.03
2.83
5.15
3.15
2.74
2.85
2.9
2.71
2.84
5.82
5.29
2.83
5.64
3.26
3.07
3.21
5.86
2.75
5.67
2.71
6.73
5.57
5.91
2.88
3.12
3.08
2.85
2.87
2.95
2.95
3.09
5.21
2.84
2.81
2.73
2.98
2.78
2.92
2.85
2.88
6.03
6.02
2.9
2.91
5.52
2.84
2.84
3.18
5.57
2.92
2.75
6.03
6.38
5.82
5.66
2.8
9.07
3.36
5.08
2.75
5.76
3.06
2.81
5.79
4.96
3.13
2.86
5.84
2.86
5.76
2.76
2.8
2.8
2.84
2.97
6.43
2.78
4.74
3.59
3.13
2.69
2.93
2.81
2.86
2.93
6.19
5.95
5.75
3.12
2.96
3.38
6.23
2.84
5.58
2.94
6.9
5.77
6.03
3.12
2.8
3.17
2.91
2.97
2.91
2.73
2.73
4.89
2.69
2.89
2.8
3.09
2.82
2.86
2.87
2.87
6.48
2.9
6.0
2.97
5.79
2.7
3.01
2.72
7.36
2.78
5.61
3.1
3.23
5.87
2.96
7.08
4.56
3.06
7.01
6.03
5.17
2.88
3.17
2.99
3.22
5.86
6.08
3.4
2.72
5.61
3.11
3.03
9.49
2.77
7.34
6.2
3.46
5.5
3.11
2.95
2.95
2.72
2.86
2.79
3.02
3.75
2.99
3.06
2.91
7.15
3.14
2.98
5.46
3.25
2.98
5.86
2.79
6.95
5.04
2.91
6.08
5.92
5.46
2.92
3.14
3.03
2.88
5.8
5.54
2.77
2.99
5.68
3.28
2.75
3.13
3.56
7.79
6.32
3.49
5.54
2.91
3.15
2.86
2.9
2.65
3.01
3.09
3.54
3.57
2.87
2.83
3.1
5.58
2.83
2.76
5.97
6.5
5.95
5.69
2.92
8.92
6.1
5.89
4.85
2.66
5.51
2.84
2.76
5.88
4.8
2.84
2.89
6.11
6.47
3.17
5.79
2.65
2.84
2.8
2.82
2.82
6.89
2.96
5.54
5.89
2.8
2.82
2.89
2.78
2.8
6.16
5.56
2.8
5.88
3.11
2.93
3.38
6.03
3.06
5.81
2.64
6.66
5.79
5.97
2.88
2.92
3.21
3.14
2.86
2.93
3.39
2.85
3.04
4.96
2.77
2.63
2.89
2.83
2.66
6.9
2.84
2.9
2.81
6.11
2.77
6.41
2.65
5.62
3.2
3.17
2.99
7.1
2.79
3.16
5.6
3.3
2.88
5.96
3.08
6.74
4.82
2.91
6.0
5.63
5.49
2.88
3.16
3.07
2.87
5.52
5.54
2.89
3.07
5.43
3.19
2.85
3.2
3.93
7.44
6.17
3.83
5.62
3.01
6.4
3.18
2.81
2.76
3.08
2.73
3.27
4.19
3.17
2.7
2.89
2.98
5.83
2.86
3.09
5.77
6.5
5.86
5.64
2.84
9.34
5.93
6.03
5.02
2.84
5.46
2.82
2.84
5.82
4.94
2.88
2.99
6.11
6.53
2.82
6.09
2.87
2.92
3.04
3.04
2.99
2.97
5.73
6.06
2.92
2.87
2.83
2.71
2.85
6.18
5.87
2.77
5.9
3.37
2.93
3.42
6.21
3.01
5.74
2.84
6.71
6.08
6.0
2.97
3.07
3.1
3.07
2.78
2.93
3.66
2.89
3.2
5.33
3.01
2.64
2.73
2.91
2.75
2.93
2.87
2.95
5.93
3.0
6.45
2.97
5.67
6.78
9.19
5.86
2.96
5.86
3.16
2.96
2.68
7.13
3.03
3.2
5.5
5.02
3.23
3.71
5.97
6.63
4.7
2.73
5.42
5.78
5.38
2.75
3.11
3.18
3.14
5.59
5.62
2.92
3.03
3.35
2.91
9.22
3.26
4.07
6.91
6.05
2.97
5.91
3.05
3.33
3.17
2.88
2.92
3.87
2.93
2.51
3.29
3.36
2.98
3.55
3.02
2.92
3.26
3.22
2.57
2.95
2.63
5.1
2.87
3.15
2.7
2.78
2.82
7.01
2.88
5.68
3.05
6.03
6.52
6.11
6.25
2.95
6.2
4.92
2.6
2.56
2.73
2.62
5.29
4.71
3.01
3.12
6.12
6.56
2.64
5.73
2.97
2.8
3.12
2.84
3.09
6.82
2.45
4.99
2.81
6.77
2.75
2.95
2.88
2.75
2.86
5.66
2.2
2.96
5.85
3.4
3.1
2.87
6.36
2.76
5.73
2.68
6.8
5.86
5.95
2.98
2.91
2.93
3.06
2.91
2.65
3.06
3.05
2.62
4.57
2.92
2.75
2.96
2.81
2.86
3.15
2.96
2.76
5.99
3.2
7.2
2.92
5.53
3.03
2.81
2.92
7.2
3.05
2.93
6.14
3.41
3.3
5.76
2.93
6.39
4.62
3.12
6.18
5.73
5.8
2.76
3.08
3.06
2.95
6.15
6.13
3.39
2.86
5.22
3.35
2.68
3.95
7.02
6.71
3.12
5.04
2.55
2.99
2.96
2.73
3.19
5.44
4.56
3.55
2.8
3.19
3.7
3.12
3.25
3.35
3.5
3.35
5.24
3.47
2.57
2.99
4.6
4.46
2.97
2.72
2.93
5.85
3.03
5.33
2.83
5.91
6.36
5.87
5.86
3.1
8.77
5.89
5.62
4.85
2.81
2.63
2.62
2.82
5.63
4.48
2.8
2.79
5.95
6.89
2.81
5.95
2.7
2.93
3.07
2.93
2.99
2.6
5.14
3.21
3.19
4.05
2.85
2.82
2.78
2.82
2.75
3.72
4.89
2.72
5.59
3.53
2.87
2.85
6.48
2.95
5.7
2.72
6.79
5.8
5.95
3.05
3.05
3.16
2.92
2.5
3.12
2.75
2.5
4.87
2.73
2.8
3.1
3.07
2.89
3.44
2.89
2.78
5.56
3.07
7.18
3.52
5.81
2.88
2.98
2.89
7.08
2.86
2.94
5.93
2.87
2.85
5.86
2.84
6.23
6.92
4.87
2.88
5.82
5.73
5.62
2.93
2.86
2.89
2.99
5.69
5.98
2.94
2.84
5.55
2.99
2.88
3.01
6.73
5.51
2.98
5.46
2.89
2.9
2.96
2.97
2.88
2.99
2.91
2.86
2.82
2.91
2.82
2.88
2.81
2.83
3.19
4.77
3.0
3.1
3.09
2.78
2.85
2.93
5.75
2.92
5.87
2.93
5.76
6.58
5.62
5.85
2.72
6.22
5.62
3.03
5.95
4.78
2.85
5.64
2.86
2.75
5.83
4.96
2.82
2.81
5.84
9.58
2.75
5.87
2.89
2.7
2.97
2.79
2.73
2.7
2.85
2.9
2.9
2.8
2.76
2.81
2.87
2.76
5.66
2.55
2.75
5.65
2.93
2.89
2.9
5.96
2.87
5.68
2.73
6.63
5.8
2.95
2.82
2.98
2.86
2.82
2.88
3.33
2.72
2.85
2.89
2.71
2.78
2.8
2.74
2.8
2.91
2.84
5.82
2.75
7.17
2.83
5.66
2.97
2.97
2.82
7.06
2.92
3.11
5.85
2.84
3.04
5.92
3.06
6.43
4.96
2.64
5.91
5.68
5.86
2.85
2.78
2.97
2.86
5.74
5.7
2.89
2.89
5.53
2.89
2.91
2.9
2.89
6.72
5.8
2.89
5.6
2.89
2.9
2.84
2.95
2.75
3.56
3.1
2.75
2.64
2.79
5.6
2.79
5.81
2.73
5.74
6.36
5.57
5.94
2.8
6.19
3.85
5.75
5.19
2.57
5.72
2.74
2.81
5.86
4.77
2.89
2.76
5.78
9.49
2.82
5.9
2.68
2.56
2.91
2.83
2.96
2.88
2.55
2.89
2.91
2.69
2.6
2.71
2.68
2.69
5.58
4.28
2.76
5.54
3.04
2.88
2.89
6.0
2.78
5.94
2.81
6.74
5.5
2.79
2.73
2.92
2.92
2.72
2.81
4.04
2.64
2.71
2.77
2.6
2.9
2.83
2.76
2.64
2.83
2.73
5.84
2.88
7.23
2.92
5.35
3.0
2.87
2.77
7.31
2.92
3.08
5.82
2.89
2.92
5.75
2.93
6.52
4.95
2.65
5.95
5.55
5.62
2.81
2.9
2.93
2.9
6.07
5.8
2.9
2.89
5.12
2.91
2.88
9.05
2.9
2.91
5.72
5.97
2.88
5.38
2.9
2.9
2.93
2.88
2.77
2.89
2.65
5.95
2.86
2.79
5.42
2.89
2.86
3.06
3.0
2.8
2.95
3.12
2.87
3.11
2.79
3.16
2.94
2.85
3.47
3.41
2.83
2.86
2.93
3.57
3.07
4.34
3.27
2.91
3.99
2.9
2.91
3.06
2.95
2.94
2.88
2.9
2.98
2.77
3.32
2.73
2.76
2.79
2.77
2.83
2.76
2.79
2.85
2.7
2.96
2.72
4.85
4.6
2.91
2.89
2.88
2.99
2.84
2.89
2.94
2.9
7.18
3.2
2.84
2.76
6.82
3.04
3.09
2.99
3.33
2.74
2.9
2.74
2.94
3.01
2.73
2.91
2.98
3.06
2.84
2.82
6.01
3.59
6.7
6.01
2.8
2.95
2.87
3.21
5.11
2.82
2.95
2.84
2.88
2.83
2.81
2.84
2.88
2.84
2.8
3.14
2.92
2.9
2.99
3.24
3.08
3.18
2.82
2.97
2.73
2.82
2.66
2.75
2.93
2.65
3.0
2.85
3.16
3.03
3.0
2.99
2.98
2.77
2.87
2.86
2.82
2.82
2.89
2.82
2.89
2.84
2.88
2.87
2.87
2.83
2.91
2.86
2.91
2.86
2.84
2.86
2.89
2.85
2.9
2.85
2.86
2.83
2.9
2.84
2.87
2.86
2.9
2.84
2.9
2.85
2.91
2.87
2.86
2.86
2.89
2.84
2.88
2.79
2.79
3.24
2.96
2.84
2.84
2.84
2.86
2.81
2.75
7.29
2.81
2.87
2.9
2.87
2.87
5.17
4.89
3.16
5.97
5.96
2.81
2.84
6.0
2.85
2.97
2.89
5.02
2.85
2.8
6.2
2.83
5.69
2.82
3.06
2.87
2.97
3.01
2.94
6.5
2.83
2.82
2.86
2.8
2.77
2.91
2.85
2.85
5.82
5.92
2.79
2.8
2.85
2.9
2.84
2.98
2.87
3.46
3.34
7.25
5.93
2.83
5.72
3.1
2.9
3.3
2.99
2.82
2.79
2.77
2.72
2.83
2.79
2.84
2.8
2.84
2.78
2.83
2.87
2.81
2.71
7.3
2.81
2.86
2.9
2.86
2.88
5.09
4.88
3.15
5.96
2.82
2.83
5.98
2.87
2.98
2.9
5.0
2.86
2.8
6.19
2.84
5.71
5.63
3.08
2.87
2.99
3.02
2.93
6.47
2.83
2.84
2.85
2.8
2.77
2.92
3.11
2.84
5.86
5.91
2.76
2.79
2.84
2.91
2.84
2.98
2.88
3.46
3.35
7.23
5.93
2.82
5.71
3.11
2.89
3.3
2.99
2.83
2.8
2.78
2.71
2.83
2.78
2.86
2.79
2.82
2.8
5.93
2.99
2.8
5.93
2.86
2.88
2.86
2.7
2.86
6.04
3.18
2.85
2.86
2.89
2.84
2.83
5.8
5.73
5.69
6.88
5.9
6.17
5.48
6.04
3.09
3.28
5.22
2.87
2.79
5.95
2.9
2.85
2.77
2.89
5.07
2.82
5.89
4.69
2.79
3.03
2.82
2.89
5.55
5.46
6.0
3.19
2.78
3.14
2.8
2.88
2.89
2.78
2.8
2.97
2.89
3.26
4.39
2.81
4.04
2.92
3.21
2.81
4.0
2.8
3.03
6.07
2.81
3.3
5.99
2.75
2.89
2.92
5.91
2.93
2.86
5.91
3.11
2.85
2.81
5.7
2.74
2.85
2.87
2.84
2.79
7.0
3.16
4.99
2.87
2.84
2.82
3.06
2.98
3.1
3.12
2.9
2.75
2.75
2.94
2.73
2.92
2.95
2.96
6.13
3.42
2.86
2.78
3.12
3.05
2.81
4.73
2.9
2.91
2.83
2.99
2.76
2.88
2.82
2.8
2.89
2.84
2.77
2.78
2.86
2.78
5.95
2.82
2.85
7.47
2.93
2.85
2.79
5.92
2.72
2.78
5.87
2.75
2.77
2.87
2.69
2.85
5.85
2.83
2.84
2.84
2.87
2.86
2.84
5.78
5.93
6.55
5.91
5.82
6.04
3.08
3.27
4.74
2.88
2.78
5.93
2.67
2.82
2.76
2.76
2.63
5.75
4.82
2.84
2.98
2.86
2.9
2.82
5.79
5.76
2.87
2.8
3.45
2.79
2.85
2.84
2.77
2.8
2.82
2.89
3.27
4.4
2.72
2.81
2.77
2.8
2.81
2.8
2.78
6.06
2.81
2.78
5.74
5.88
2.76
2.88
2.91
5.9
2.82
2.87
5.88
2.81
2.77
2.83
5.74
2.74
2.85
2.8
2.76
2.78
6.84
5.84
3.07
2.88
2.88
2.72
3.11
2.98
2.79
2.89
2.88
2.88
2.74
2.94
2.73
2.93
2.93
3.02
5.14
3.53
2.87
2.76
2.76
2.83
2.82
2.85
2.81
2.81
2.83
3.09
2.73
2.84
2.74
2.64
2.76
2.85
2.8
2.9
2.75
2.77
5.94
2.82
2.86
7.06
3.0
2.86
2.79
2.79
2.8
2.88
2.88
2.73
2.87
2.93
2.88
2.93
2.82
2.77
2.75
3.22
7.37
2.77
6.19
2.87
3.08
2.92
5.78
3.03
2.87
3.02
2.85
6.8
3.1
5.76
2.69
5.46
2.86
3.08
3.3
2.75
2.92
3.19
2.72
2.75
2.71
2.93
2.9
3.02
2.83
2.99
2.73
2.81
2.91
2.86
5.94
3.15
2.92
2.91
3.1
2.96
3.05
2.87
5.73
2.62
3.97
2.74
2.9
3.51
7.03
5.92
2.75
2.71
2.91
2.8
2.95
3.29
2.93
2.86
2.99
2.91
2.81
2.8
3.03
3.34
3.2
3.06
3.81
2.88
2.95
3.13
3.22
2.96
3.68
3.02
2.9
6.22
3.14
3.21
2.78
2.62
2.77
2.97
7.56
3.03
2.87
2.8
3.21
2.87
2.82
3.04
3.02
2.86
3.42
5.51
2.75
2.89
3.78
2.92
2.99
6.98
5.82
5.73
5.75
2.76
5.81
7.76
2.99
2.9
2.86
2.98
5.02
3.15
7.59
2.9
3.04
3.49
2.85
2.96
6.01
3.06
2.74
2.72
3.08
2.8
2.86
2.79
5.02
3.09
3.15
2.95
2.63
5.68
2.86
2.89
6.1
5.4
2.68
2.79
2.95
3.0
2.79
2.84
2.75
2.95
2.93
2.76
5.88
9.33
5.73
2.75
4.67
3.21
2.81
2.71
2.93
2.95
2.8
5.46
5.91
7.09
2.67
3.05
3.1
2.86
2.86
3.25
3.01
5.92
2.86
3.01
2.76
4.7
3.0
6.23
6.05
2.86
2.69
6.82
5.64
2.73
2.82
2.91
2.99
2.81
2.56
2.84
2.79
6.55
2.84
3.31
2.83
2.82
2.92
6.89
3.42
3.22
2.97
2.72
3.15
2.83
6.09
7.09
3.07
5.06
2.98
3.26
2.89
2.76
2.87
2.73
2.66
2.67
5.2
3.04
3.02
2.85
6.21
2.64
2.85
3.11
2.91
2.68
2.83
5.84
2.76
2.52
3.03
3.03
2.82
2.96
2.7
2.61
2.61
6.24
5.11
2.88
3.01
5.07
3.2
5.84
5.76
2.79
2.9
2.86
3.09
2.78
2.76
2.92
2.67
2.99
2.55
2.95
2.72
2.77
2.74
3.0
4.45
2.76
3.63
7.78
2.97
2.8
2.77
2.75
6.21
3.0
3.13
2.78
2.97
2.73
2.82
2.9
3.08
2.84
2.88
5.67
2.82
3.12
3.06
2.94
2.97
2.84
2.87
2.7
2.57
2.95
2.79
2.92
2.9
6.01
3.1
2.93
2.71
3.1
2.9
2.82
2.97
2.87
2.8
2.82
2.81
2.67
7.18
3.05
2.9
3.37
2.63
2.95
2.94
7.28
2.82
2.68
2.74
2.65
3.08
3.32
3.47
3.22
3.15
2.7
2.81
3.09
2.79
2.68
5.86
2.71
2.61
2.63
2.59
2.85
2.92
2.81
2.81
2.91
2.82
2.79
2.8
2.95
2.87
2.83
2.84
2.89
2.81
2.85
2.84
2.84
2.84
2.84
2.86
2.84
2.71
6.0
5.79
5.89
2.83
6.27
5.83
2.83
2.93
2.95
2.99
7.2
6.28
2.84
2.84
2.84
2.84
2.77
5.91
6.44
6.13
3.04
2.84
2.84
2.84
2.83
2.84
2.84
5.86
2.84
3.14
2.84
2.84
2.88
2.84
2.84
2.84
2.84
2.84
5.88
9.4
5.79
2.71
5.04
2.87
2.84
2.84
2.84
2.98
5.92
5.78
7.03
2.84
2.92
3.17
2.84
6.0
2.83
2.84
2.84
2.84
5.9
2.88
2.8
2.85
2.84
2.99
2.99
2.9
3.0
6.49
2.84
2.92
2.77
6.31
2.74
5.99
7.35
3.44
3.27
2.84
5.63
3.04
2.84
2.84
2.8
2.83
4.72
2.84
3.0
2.9
2.84
5.51
2.83
2.91
2.91
2.84
2.84
2.84
2.83
2.8
2.85
2.84
5.68
6.05
2.84
2.84
2.84
2.84
2.83
2.84
2.84
2.85
2.84
2.79
2.84
5.54
3.05
5.14
3.14
2.85
2.84
2.87
2.71
2.84
2.84
2.84
2.84
5.8
2.75
2.84
2.83
2.84
2.79
2.85
3.88
2.84
5.91
2.87
2.84
2.88
2.94
3.01
2.85
2.94
2.84
2.84
2.83
2.84
2.99
8.05
2.83
2.83
2.84
2.84
7.0
2.85
5.91
2.84
5.89
2.85
2.83
2.83
2.84
2.84
2.84
2.85
2.83
3.3
2.84
2.84
2.8
2.84
2.84
2.84
2.84
2.84
2.85
3.5
5.74
2.84
5.09
2.84
2.99
5.79
2.84
5.72
2.84
2.76
2.84
2.84
2.84
2.84
2.87
2.83
2.84
2.84
2.84
5.41
2.84
2.85
3.18
5.88
2.84
2.86
2.83
3.14
2.98
2.84
2.83
5.58
2.85
2.84
6.33
7.21
2.83
2.83
2.84
2.84
2.84
7.77
2.69
2.91
2.57
2.9
3.1
3.51
3.33
3.03
3.54
3.86
7.06
3.21
2.82
3.61
3.17
2.87
3.01
3.01
7.05
3.18
5.71
2.85
3.21
2.59
6.64
2.84
2.84
2.84
2.85
2.83
2.84
2.84
2.9
7.53
2.84
2.84
2.84
2.84
2.84
2.83
2.83
2.84
2.84
2.84
2.84
2.98
2.84
2.84
2.85
2.84
2.84
2.84
2.83
2.83
2.84
2.84
2.85
2.84
2.84
3.16
1.57
2.85
2.84
2.83
2.84
2.84
2.84
2.84
2.84
5.86
5.85
6.06
6.48
2.84
2.84
2.84
2.85
2.84
2.84
2.84
2.84
7.24
6.11
5.76
2.84
2.84
2.84
2.84
2.84
2.83
2.85
2.83
2.84
2.84
2.84
2.84
2.84
2.84
2.84
2.84
2.84
5.82
6.29
2.83
2.84
2.81
5.0
2.84
2.84
2.85
2.83
2.84
2.84
2.85
2.84
5.91
2.84
5.8
6.95
2.84
2.84
6.92
2.84
2.84
2.84
2.84
2.84
2.84
2.84
2.85
2.85
2.84
2.84
5.82
2.84
2.84
2.83
2.84
2.83
2.84
5.25
2.83
2.84
2.84
2.84
2.8
2.84
2.84
2.84
6.52
2.84
2.83
2.84
2.84
2.81
2.84
2.84
2.84
2.84
2.91
2.84
3.28
5.17
6.42
2.84
2.84
2.84
2.85
2.84
2.84
2.83
2.84
2.84
2.84
2.84
2.84
2.84
2.84
2.84
5.97
2.84
4.65
2.85
2.84
2.84
2.84
2.84
2.84
2.84
2.84
2.84
5.86
2.84
2.83
2.84
5.02
5.83
2.84
2.79
2.84
2.96
2.83
2.84
7.3
2.78
2.84
2.83
2.84
2.85
2.83
2.85
2.85
2.84
3.07
2.84
2.84
3.07
2.84
2.84
5.84
7.75
2.84
2.84
2.83
2.84
2.84
5.63
2.84
5.62
2.84
2.84
2.84
6.8
2.84
2.84
5.57
2.84
2.81
2.85
2.84
2.85
6.76
2.83
2.84
2.84
2.84
2.83
5.78
6.05
6.37
2.85
2.84
2.84
2.84
2.84
2.84
3.04
2.84
2.83
2.84
7.17
2.84
2.84
2.84
2.84
2.85
2.84
2.84
2.83
2.84
2.84
2.84
2.83
2.84
2.84
2.85
2.84
2.85
2.92
2.84
2.84
2.93
2.98
2.84
2.84
2.84
2.85
2.84
2.84
2.84
2.84
2.84
2.84
7.23
2.84
2.83
2.84
2.84
2.84
2.84
2.84
2.84
2.84
5.99
2.83
5.72
2.84
2.85
2.83
2.8
2.84
2.84
2.84
2.84
2.84
2.84
2.84
2.84
2.84
2.85
2.85
2.84
2.84
6.06
2.83
2.84
2.83
2.84
2.83
2.85
2.84
2.85
2.84
7.09
2.84
2.84
2.84
2.84
2.85
2.84
2.85
2.84
2.84
2.84
2.84
2.83
2.84
2.84
2.84
2.83
2.84
5.92
2.85
2.84
2.84
2.83
2.84
4.6
2.84
2.95
2.84
2.83
2.85
7.26
2.84
2.85
2.84
2.85
2.84
2.85
2.83
6.78
2.84
2.84
2.84
2.84
2.85
5.38
5.72
2.84
2.84
2.84
2.84
2.85
2.84
2.85
2.84
2.84
2.84
2.84
2.83
2.84
2.84
3.91
3.0
2.84
2.94
2.84
2.84
2.84
2.84
2.84
2.84
5.87
2.84
2.84
2.84
2.84
2.84
7.65
5.64
2.84
2.84
2.84
5.81
2.85
2.84
2.85
4.56
2.84
3.03
2.84
2.83
2.84
2.84
2.84
2.83
2.84
2.85
2.84
2.83
2.84
2.83
2.84
2.84
2.85
2.84
2.84
2.83
2.84
2.84
5.45
5.83
2.84
2.84
2.84
5.69
2.84
2.84
2.84
2.84
2.79
2.84
2.83
2.85
4.28
2.97
2.84
2.84
2.84
2.83
3.05
3.03
5.41
2.84
2.84
2.85
2.84
2.85
2.84
2.84
2.84
2.84
2.84
2.84
3.08
2.84
6.75
2.92
3.22
2.84
2.84
2.84
2.84
6.57
2.84
2.85
2.85
6.03
2.84
2.84
2.83
5.97
2.84
2.84
7.81
7.49
5.97
2.84
2.84
2.84
2.84
2.84
2.84
2.84
2.84
2.84
2.83
2.84
2.84
2.84
2.84
2.84
2.84
2.84
2.84
2.84
2.84
2.98
2.84
2.84
2.85
2.84
2.85
3.4
2.95
2.85
2.83
2.84
3.51
2.83
2.98
2.79
2.71
2.79
2.87
2.86
2.86
2.91
2.81
6.94
2.88
2.91
2.87
2.97
6.29
5.98
3.09
5.62
5.21
7.4
3.0
5.89
3.01
3.04
3.05
5.96
3.02
2.86
2.94
3.05
2.91
2.95
3.13
2.95
2.78
5.52
5.77
2.81
3.0
3.04
3.07
2.98
2.97
3.13
8.85
2.84
2.87
3.07
6.41
5.96
3.12
2.74
6.11
2.94
2.99
3.0
3.01
2.98
2.87
2.76
2.93
2.6
2.7
2.76
2.7
2.74
2.7
2.28
2.83
2.97
5.76
5.56
6.26
2.71
6.09
6.62
2.75
2.52
2.65
2.4
2.68
2.75
3.17
5.01
3.42
2.94
2.84
7.16
2.82
2.63
4.55
2.68
2.71
2.81
5.68
2.4
3.24
2.61
2.79
2.86
2.7
3.53
3.03
2.74
2.99
2.98
2.73
2.78
2.36
2.38
4.99
4.33
3.0
2.61
6.11
2.46
2.75
6.0
4.74
5.18
2.76
2.89
2.8
3.08
3.68
5.9
2.91
3.08
2.9
5.53
6.78
2.64
2.77
3.43
2.46
6.57
5.95
2.77
2.95
2.7
2.69
2.91
3.02
2.75
2.97
3.2
2.44
2.57
2.41
3.12
2.85
5.71
2.35
2.7
2.96
3.26
2.9
2.96
5.61
2.49
3.07
2.67
7.18
2.82
2.97
2.72
2.47
2.91
6.05
2.69
2.15
5.73
2.95
2.72
2.81
2.95
2.66
3.2
2.99
2.86
2.3
2.52
2.98
2.89
2.53
5.79
3.24
3.45
2.97
3.02
3.2
3.04
2.9
5.79
2.96
3.46
3.13
3.08
2.83
2.84
2.84
2.84
2.85
2.85
2.84
2.85
5.09
2.91
2.92
2.96
3.37
2.54
2.75
3.0
3.01
2.64
2.39
2.83
3.24
2.21
3.02
2.64
2.89
6.38
2.88
2.96
6.68
5.63
2.91
2.74
2.51
2.83
2.9
2.66
2.89
2.87
2.76
2.88
2.81
2.85
2.8
2.78
2.81
2.85
2.84
2.9
2.84
2.87
2.88
2.83
2.82
2.82
2.84
2.86
2.76
2.85
2.83
2.81
2.83
2.84
2.78
2.79
3.14
2.87
3.05
2.8
2.72
2.68
2.66
2.66
2.75
2.92
2.69
2.64
2.62
4.63
3.05
2.97
2.6
7.65
2.97
3.2
6.22
3.23
3.16
5.71
3.07
4.86
2.83
6.18
5.43
5.18
2.89
3.14
3.24
2.92
5.8
6.0
2.96
2.62
3.1
2.64
7.37
3.18
2.95
6.72
5.61
3.33
5.73
3.12
3.02
2.9
3.02
3.07
3.12
3.32
2.77
2.83
2.92
7.26
2.79
5.53
6.39
2.69
5.98
6.26
6.02
5.92
3.06
4.05
6.0
4.84
2.71
2.53
2.67
2.78
6.13
4.81
2.89
2.99
5.76
7.1
2.8
5.78
2.8
2.96
3.05
2.71
2.88
6.68
2.61
5.24
3.19
3.28
8.56
2.82
2.73
2.94
2.74
4.07
2.81
5.94
4.37
2.91
5.89
3.44
2.86
3.13
6.12
2.85
5.36
2.87
6.48
5.78
6.02
2.9
2.89
3.04
2.99
2.72
3.16
2.9
2.85
5.05
2.72
2.75
2.89
3.15
2.75
2.65
2.93
2.71
5.6
3.08
7.3
3.09
6.0
2.83
3.15
2.86
7.46
2.89
3.22
5.86
4.82
3.07
3.38
5.64
2.79
6.74
5.16
2.69
6.44
5.75
5.09
2.92
2.87
2.8
3.25
5.5
5.6
2.94
2.75
5.27
3.43
2.81
9.54
3.09
3.0
6.82
6.01
3.08
5.61
2.66
7.72
3.04
2.66
2.69
2.69
3.34
3.17
2.82
2.78
2.77
7.54
2.65
5.22
6.58
2.91
5.88
6.76
5.97
5.71
2.83
3.39
5.95
4.59
2.6
2.49
2.84
2.45
5.65
5.05
2.77
3.23
6.18
2.67
5.9
2.86
2.74
2.75
2.79
2.96
2.43
5.21
2.6
3.55
2.84
2.71
2.92
2.85
2.85
5.97
4.51
2.61
5.86
3.01
2.95
2.61
5.93
2.95
5.69
2.46
6.6
5.6
6.05
3.55
2.87
2.77
3.14
2.99
2.71
3.08
5.79
2.76
3.01
4.98
2.84
2.9
2.81
3.02
2.75
2.87
2.79
2.9
5.76
2.88
7.16
2.93
5.51
2.93
2.85
2.85
2.92
2.84
7.17
2.85
2.85
5.91
2.81
2.79
5.84
2.81
5.03
2.81
5.95
5.8
5.37
2.88
2.84
2.84
2.89
5.57
6.03
2.86
2.8
5.54
2.92
2.87
2.9
6.99
5.72
3.13
5.25
2.85
2.85
2.9
2.95
2.84
2.83
2.93
2.79
2.91
2.81
7.0
2.84
2.83
5.92
2.83
2.77
5.75
2.79
5.15
2.81
6.02
5.75
5.47
2.85
2.8
2.83
2.88
5.56
6.06
2.88
2.8
5.47
2.92
2.83
2.89
7.0
6.01
3.24
5.32
2.81
2.81
2.86
6.32
2.97
2.82
2.87
2.89
3.0
2.67
2.92
2.9
5.45
2.91
5.84
2.82
2.88
2.87
2.86
2.82
3.0
2.89
3.61
3.54
2.84
2.98
2.99
6.38
5.45
3.09
2.97
2.95
5.83
5.78
6.04
2.92
3.04
2.94
3.06
2.98
3.02
2.84
6.98
3.04
3.14
2.93
5.93
2.77
2.94
6.57
2.94
3.2
3.11
3.14
2.84
2.89
2.96
6.02
4.82
5.85
5.53
4.96
3.19
3.22
2.91
2.95
5.95
6.69
5.89
6.94
3.11
3.12
3.11
3.42
2.88
3.13
3.1
3.33
3.16
3.42
3.18
6.8
7.07
3.01
3.26
3.03
3.11
2.93
3.01
3.04
3.09
3.02
3.14
3.11
3.37
3.08
5.93
6.04
2.85
3.09
3.02
3.2
2.93
3.05
3.2
3.0
3.09
3.0
3.13
2.91
3.38
3.41
2.89
3.01
3.09
3.35
3.17
6.65
2.9
2.91
3.14
3.06
5.75
3.07
3.01
3.59
3.06
2.95
2.94
6.73
6.08
6.31
3.07
4.71
2.95
2.83
2.98
2.93
2.93
3.34
2.94
3.11
2.96
2.99
3.09
3.01
2.92
3.05
3.31
3.07
3.01
5.91
2.92
5.4
3.13
3.03
3.02
6.15
6.74
3.11
3.15
3.26
2.85
3.17
3.13
3.01
2.83
2.9
6.04
3.07
3.28
3.01
3.06
3.15
3.26
3.11
3.45
2.92
7.41
3.15
3.16
3.57
3.07
3.04
6.13
3.02
3.14
2.95
2.91
7.53
2.76
2.87
2.72
2.82
2.95
2.73
2.8
2.83
2.74
5.86
3.12
3.2
5.84
3.18
3.0
2.87
2.95
2.91
2.91
5.28
3.31
2.95
2.86
2.82
2.95
2.97
3.11
3.0
3.09
2.99
2.93
2.95
2.81
2.71
3.01
2.79
2.84
2.99
2.72
2.86
2.87
2.9
2.82
6.93
2.88
2.91
2.87
2.97
6.3
5.99
3.08
5.62
5.22
7.4
2.99
5.89
3.0
3.03
3.04
5.95
3.03
2.86
2.94
3.04
2.9
2.95
3.13
2.95
2.77
5.53
5.76
2.81
2.99
3.04
3.07
2.97
2.97
3.12
8.85
2.84
2.87
3.07
6.41
5.97
3.12
2.74
6.1
2.94
3.0
3.01
3.02
2.97
2.88
2.57
2.75
2.87
2.93
2.96
2.9
5.69
3.04
2.86
2.91
2.97
5.74
5.58
5.95
5.71
5.68
5.63
2.99
6.31
5.1
2.72
2.89
2.7
2.89
3.02
6.09
2.91
2.85
5.62
2.93
2.83
6.02
2.99
2.74
2.91
2.88
2.89
2.88
3.92
2.8
6.07
2.91
5.04
2.9
2.91
2.93
3.13
5.72
6.0
2.84
2.86
2.94
2.89
5.72
2.73
2.88
3.6
2.74
2.8
6.16
3.0
2.98
3.39
3.24
2.84
3.0
2.86
2.87
2.87
6.16
3.01
5.95
2.83
2.85
2.74
4.19
2.93
2.87
3.22
3.3
7.34
3.66
5.89
2.97
3.02
6.47
2.93
2.9
2.89
3.44
5.85
3.12
2.8
2.83
2.85
5.4
2.84
2.95
2.9
2.91
2.88
2.74
7.41
5.55
2.98
2.91
5.8
2.89
3.0
2.86
2.85
2.96
2.88
2.87
2.99
2.94
3.07
3.05
3.0
2.76
5.42
2.91
3.83
2.95
2.99
2.97
2.85
3.02
2.82
2.94
2.9
2.89
2.84
2.87
2.96
2.86
2.9
2.93
2.82
2.89
2.82
2.9
2.82
3.1
3.05
2.86
2.92
2.97
5.32
2.87
2.96
2.95
2.9
2.86
2.85
2.85
2.84
2.86
3.41
3.19
2.86
2.88
2.93
2.89
2.97
2.85
2.78
2.79
2.8
2.84
2.77
2.78
3.37
2.88
2.71
2.88
2.88
2.83
2.88
2.97
2.89
3.32
2.99
2.76
2.89
2.85
2.71
2.86
2.88
2.87
2.83
2.73
2.97
3.36
2.82
2.76
2.97
2.87
2.94
3.08
3.13
3.03
3.05
3.04
3.05
3.05
3.04
3.05
3.44
3.13
3.04
3.1
2.86
2.87
2.93
2.88
3.61
3.05
2.9
5.9
2.88
3.29
3.61
2.85
2.86
3.86
2.89
6.15
2.88
2.71
2.87
2.87
2.87
3.03
2.86
3.75
3.16
2.9
5.95
3.72
3.01
3.6
2.85
2.87
3.73
2.89
5.92
2.87
2.9
2.88
2.79
3.09
4.72
3.12
2.81
2.87
3.05
2.73
2.68
2.77
2.68
2.72
2.78
2.57
3.61
5.57
5.84
6.42
5.91
2.81
6.18
6.92
2.86
2.95
2.95
6.68
2.92
2.99
3.68
2.79
4.85
2.72
5.79
5.14
2.66
2.94
3.04
7.06
3.15
2.54
2.75
3.02
3.01
2.8
5.88
3.03
3.5
2.82
3.1
2.74
3.22
2.64
5.0
3.24
2.67
3.28
3.05
2.77
3.14
2.9
2.76
2.71
3.13
2.62
6.61
3.02
3.18
3.0
6.25
4.56
5.02
2.81
3.06
3.03
3.18
6.57
3.71
5.98
2.89
3.16
2.7
5.78
7.07
2.93
2.78
3.48
2.92
6.47
6.26
3.39
2.93
3.32
5.79
6.2
2.82
2.97
3.03
3.22
2.86
3.19
3.16
3.28
3.13
2.76
3.19
3.11
2.6
6.09
3.55
2.82
6.31
2.94
2.94
3.05
4.05
3.11
2.88
5.48
3.05
3.05
3.15
3.43
3.59
3.29
3.29
3.17
3.19
3.0
6.7
3.03
3.09
6.2
5.7
2.85
2.67
3.39
2.97
2.43
3.07
2.93
2.95
3.18
2.98
2.94
2.81
3.63
3.17
2.99
3.05
2.87
2.77
3.1
5.67
3.04
3.15
2.92
3.12
3.29
3.29
3.08
2.85
2.72
2.87
2.75
3.51
3.59
3.23
2.99
2.82
6.09
2.59
3.26
7.33
3.27
2.98
2.9
3.14
3.13
3.04
2.97
3.15
2.93
2.78
3.16
3.01
3.01
2.56
2.81
2.86
2.83
2.47
2.74
3.1
2.89
3.02
3.28
2.92
7.2
2.99
3.04
6.21
3.2
2.94
5.74
2.79
6.39
5.06
3.07
6.19
5.82
5.49
6.31
2.8
3.15
3.06
3.32
5.73
6.15
3.09
3.02
5.65
3.13
3.02
3.58
3.9
6.35
6.08
3.06
5.6
3.21
3.09
2.9
6.45
3.06
3.48
2.95
3.43
2.71
2.71
2.73
2.78
2.79
2.67
2.79
2.97
2.8
2.73
2.75
3.08
2.75
2.64
2.7
2.69
3.0
2.83
2.76
3.0
2.85
2.73
2.82
3.03
3.56
2.71
2.86
2.74
2.93
2.75
3.0
3.03
3.57
2.7
2.87
2.74
2.9
2.93
2.96
2.97
2.9
3.16
5.16
3.8
3.48
6.23
5.57
6.2
3.51
6.56
3.28
3.04
3.24
3.15
7.85
2.94
3.03
3.03
3.36
2.99
5.91
6.67
5.86
6.05
2.31
2.42
3.0
2.94
3.64
2.75
2.76
6.73
3.6
3.55
3.53
4.99
2.98
3.11
2.8
3.02
3.01
3.19
3.16
3.78
5.56
10.08
6.53
2.72
4.75
3.11
3.98
3.31
3.17
3.33
6.13
5.61
7.06
3.04
3.64
3.58
3.42
6.23
3.27
3.25
3.31
3.24
3.12
2.73
3.2
2.92
2.95
2.93
3.19
3.52
3.63
3.01
6.9
3.82
6.09
2.92
5.73
3.34
3.01
3.21
2.89
3.8
3.02
3.43
3.68
3.18
5.46
3.09
3.05
2.86
3.03
3.03
3.35
2.91
3.26
4.37
3.91
3.05
6.45
7.02
3.42
3.32
3.12
3.07
3.01
3.29
3.44
3.06
3.59
3.11
3.38
3.12
3.52
2.83
2.97
3.19
3.17
6.77
2.81
3.02
3.38
3.23
3.39
3.12
2.78
3.36
3.22
2.93
5.95
2.66
3.58
3.31
2.86
2.79
3.5
4.42
3.47
6.54
3.47
3.68
3.09
2.77
2.85
3.03
3.3
3.29
3.6
2.82
2.77
2.85
3.21
3.64
2.79
3.13
7.48
3.48
3.17
6.53
6.08
3.34
6.02
2.97
3.23
3.35
3.22
2.81
3.23
3.36
3.22
3.04
3.03
2.52
3.74
3.93
3.12
3.29
3.04
4.49
5.76
3.32
3.14
3.87
6.13
3.68
6.18
2.89
2.97
3.14
6.66
3.48
3.22
3.25
3.29
3.53
3.29
3.16
3.27
3.46
3.66
6.2
6.13
3.24
3.88
3.2
3.15
3.8
5.65
3.77
3.21
6.57
6.92
2.91
3.3
3.3
3.18
3.12
4.03
4.0
2.97
3.14
3.1
5.24
5.07
2.85
3.01
8.61
2.9
3.82
3.05
5.87
2.7
3.07
3.08
3.03
2.79
3.08
2.89
2.71
2.73
2.93
3.17
3.02
4.54
2.9
2.9
2.74
2.93
5.82
2.85
2.84
2.73
2.84
4.1
7.44
6.26
2.86
3.04
2.99
6.13
5.82
2.73
2.72
2.91
2.84
6.22
5.74
2.79
5.61
2.52
3.16
3.24
2.67
2.86
3.18
2.67
3.72
3.22
2.86
6.79
2.76
3.45
2.78
3.01
5.64
7.77
2.93
5.85
6.14
6.37
5.76
5.74
6.17
5.36
5.81
3.17
2.74
2.82
5.33
2.9
2.91
2.81
2.75
2.84
2.94
2.81
3.03
6.21
6.17
4.78
2.9
3.03
2.82
3.14
2.74
6.16
5.89
6.22
2.9
3.03
2.79
3.5
2.78
2.8
2.74
2.77
2.85
2.83
3.38
3.21
2.78
2.91
2.73
2.73
6.21
6.43
2.89
2.8
3.24
2.86
3.01
5.99
2.88
3.21
3.38
5.5
2.81
2.88
2.84
3.11
2.75
2.73
3.13
2.77
3.15
6.29
2.96
2.81
3.19
5.83
2.89
6.42
7.11
5.46
6.42
3.17
3.24
2.98
3.18
3.45
2.95
2.98
2.84
2.95
3.06
2.87
3.0
3.03
2.78
3.07
3.25
3.3
2.92
2.96
3.33
3.19
2.87
2.92
2.88
2.77
2.92
3.16
7.41
6.62
6.09
5.17
3.04
2.76
2.78
3.22
2.7
2.93
3.46
2.8
3.35
5.87
3.29
2.77
3.0
3.35
2.79
2.74
7.42
3.37
2.78
2.8
3.0
5.76
2.97
5.91
2.83
4.49
3.08
4.76
6.33
2.79
2.84
5.98
3.12
2.91
6.06
3.14
2.79
2.98
3.01
3.11
4.96
5.69
5.29
5.94
2.79
2.82
2.95
2.97
5.91
3.12
5.37
9.1
3.01
6.67
5.65
3.01
2.74
2.86
5.79
2.83
3.05
2.83
2.95
2.96
2.86
2.77
2.9
3.44
2.98
3.03
2.95
2.85
3.65
2.78
2.83
2.9
2.86
2.83
2.87
7.38
2.87
2.82
2.69
2.81
6.52
5.9
2.88
2.85
2.96
2.86
2.91
2.87
2.84
5.72
6.8
5.89
2.95
4.96
3.02
2.86
2.83
2.87
3.08
5.97
5.62
2.89
2.95
7.19
2.88
2.81
2.83
2.93
3.02
2.94
2.76
3.1
2.91
2.81
2.85
2.86
2.77
5.85
2.88
2.75
5.35
2.81
6.59
2.84
2.85
2.88
5.92
2.86
2.88
2.84
2.82
2.9
2.87
2.97
6.01
2.85
2.73
3.28
2.97
2.84
2.98
2.98
2.86
2.88
2.9
2.82
2.86
2.93
5.67
2.91
2.8
2.88
2.79
2.89
2.99
5.45
2.84
2.86
2.79
2.8
2.92
2.85
2.99
2.85
2.88
2.77
2.9
2.79
2.95
2.88
3.0
2.81
2.89
2.83
2.78
2.96
2.96
5.53
2.88
2.84
2.93
2.87
2.91
2.9
2.9
2.84
2.73
2.92
2.92
2.88
2.86
3.04
6.55
2.91
5.96
3.32
2.87
3.05
2.99
3.01
2.93
2.89
2.87
2.84
2.84
2.97
2.88
2.68
2.9
2.84
7.25
2.81
2.94
6.06
2.97
2.74
2.9
5.43
2.84
2.91
2.93
2.75
2.86
2.79
4.37
2.96
2.74
2.92
2.9
5.96
2.78
2.83
6.01
2.79
2.65
2.92
2.77
2.94
2.89
2.89
2.81
2.9
2.95
6.92
2.78
5.42
2.81
2.89
2.79
2.79
2.75
2.8
2.94
2.81
2.77
2.93
3.43
2.98
2.97
3.62
2.85
2.92
2.82
2.88
2.95
3.04
2.86
2.95
5.99
2.78
2.9
2.78
2.95
2.79
2.94
2.92
2.89
2.63
2.93
2.88
7.18
2.78
2.93
6.0
2.95
2.71
3.0
2.89
2.72
2.78
2.81
2.93
2.82
4.58
2.95
2.83
3.0
2.88
5.88
2.8
2.83
5.76
2.84
2.77
2.75
2.61
3.1
2.95
2.92
2.93
2.87
3.01
7.0
2.86
5.2
2.79
2.82
2.78
2.91
2.76
2.87
2.93
2.75
2.7
2.97
3.44
2.99
2.98
3.64
2.88
2.97
2.85
2.87
2.92
3.13
2.64
2.93
5.87
2.7
3.06
3.13
2.88
6.96
2.98
5.31
3.82
3.9
5.57
3.14
6.19
6.68
4.88
5.45
2.63
5.99
5.8
5.03
3.0
3.17
3.02
3.03
5.46
5.7
3.01
2.92
3.43
3.22
9.26
3.21
4.66
7.4
6.03
3.27
5.41
2.53
3.44
2.96
6.72
2.99
3.0
2.88
3.1
2.78
2.78
4.6
3.19
2.75
2.92
2.8
2.89
7.13
2.93
5.71
3.08
5.82
6.25
5.67
6.03
2.7
9.29
6.09
5.06
2.73
2.57
2.69
2.52
5.42
4.86
2.98
2.97
5.78
6.86
2.88
6.16
2.67
2.86
2.82
2.97
6.97
2.41
5.06
3.13
2.95
2.93
3.07
2.89
2.92
5.84
2.62
2.79
5.57
3.05
3.09
2.54
6.41
2.99
5.64
2.9
7.3
5.81
5.92
2.74
2.94
2.95
2.69
2.64
2.88
2.81
2.76
4.6
2.78
2.99
2.75
3.14
2.78
3.06
2.88
2.86
6.17
3.29
7.33
5.85
3.18
3.18
2.8
7.5
3.07
2.69
5.43
3.21
3.35
5.3
3.14
6.28
4.83
2.84
5.91
5.65
5.21
2.84
3.38
3.38
3.07
5.94
6.18
3.07
2.92
5.74
3.36
2.75
3.92
3.61
6.98
6.31
3.01
5.74
2.76
2.84
2.86
2.85
2.98
5.2
3.61
5.23
3.32
3.2
2.84
3.35
2.62
2.97
2.68
2.83
5.76
3.13
5.65
3.16
6.21
6.31
5.81
5.86
2.86
9.28
5.89
5.19
2.7
5.92
2.56
2.97
2.7
5.87
4.71
2.88
2.87
6.05
2.75
5.96
2.86
3.11
2.93
2.96
3.12
2.41
5.17
2.99
2.93
2.96
2.73
2.65
3.66
4.76
2.8
5.64
3.55
3.16
2.94
6.4
2.84
5.89
3.0
6.51
5.86
6.21
2.75
2.93
3.14
3.06
2.77
3.19
2.74
2.85
4.74
2.74
3.02
2.81
3.12
2.86
3.02
2.9
2.89
6.12
2.93
6.94
3.29
5.78
3.0
2.96
2.8
7.18
3.04
3.3
5.7
4.97
3.11
3.48
5.75
3.43
6.55
4.71
5.56
2.64
5.51
5.5
4.98
2.84
3.16
3.19
3.27
5.9
5.64
2.99
2.88
3.52
2.94
3.15
3.37
6.89
6.4
2.87
5.1
2.66
3.4
2.87
2.81
2.92
7.44
5.38
3.1
2.85
2.85
2.82
2.27
2.7
3.15
2.82
2.81
2.76
7.08
2.82
6.11
2.94
5.72
5.75
6.13
2.78
9.35
5.93
5.04
2.73
2.6
2.54
2.55
5.58
4.97
2.97
3.13
5.87
6.67
2.84
5.87
2.96
2.7
2.96
2.85
3.11
6.75
2.6
5.11
2.88
4.02
2.94
2.66
2.96
2.92
2.78
5.47
2.42
3.09
5.58
3.2
3.05
3.02
6.24
2.97
5.81
2.72
6.72
5.75
5.82
3.48
2.77
2.88
3.16
2.93
2.66
2.93
3.13
2.6
4.85
2.71
2.83
2.83
3.0
2.74
3.11
3.05
2.79
5.87
3.08
6.82
2.91
5.53
3.02
2.86
2.91
7.32
2.95
3.36
6.11
3.18
3.2
5.33
3.02
6.23
4.47
3.01
6.31
5.81
5.49
2.74
3.09
3.47
2.82
6.03
5.97
6.94
3.55
3.28
5.53
3.4
2.75
3.97
3.55
6.57
2.95
5.67
2.37
2.88
2.79
2.63
3.17
5.28
2.73
3.29
3.32
3.07
2.81
7.53
3.48
2.79
2.77
5.64
3.16
3.2
5.86
6.1
5.68
5.94
2.77
8.9
6.08
4.86
2.89
2.56
2.76
2.9
5.86
4.64
2.95
2.9
6.06
2.77
5.73
2.91
3.14
2.93
2.85
2.91
6.64
2.85
5.13
2.5
2.99
2.88
2.84
2.89
2.64
2.95
3.84
4.75
2.87
5.87
3.4
2.81
2.75
6.42
2.94
5.96
2.87
6.74
5.7
5.8
2.8
2.99
3.36
2.91
2.56
3.03
2.73
2.89
4.66
2.48
2.85
3.06
3.4
2.97
3.1
2.83
2.74
5.6
3.1
7.18
3.29
5.51
2.82
3.13
2.85
2.81
2.82
3.1
2.85
2.79
2.86
2.83
2.57
2.8
2.91
2.75
2.98
2.84
3.22
5.62
2.89
3.25
2.84
5.91
3.04
2.89
2.91
2.87
5.75
5.88
6.23
6.94
5.74
5.56
5.96
5.39
5.14
2.88
2.83
3.92
3.28
2.72
2.86
2.82
2.93
2.85
2.93
5.09
2.91
2.91
2.84
2.86
2.84
5.22
3.01
3.03
2.9
2.9
2.98
6.06
2.82
5.29
3.07
3.24
2.89
2.91
2.69
5.52
5.9
3.0
3.02
3.16
2.49
2.97
5.62
2.6
2.9
2.97
2.78
2.81
2.92
5.34
2.87
2.96
3.44
2.99
5.8
2.96
2.9
5.05
2.85
3.04
2.84
2.83
2.9
6.13
2.86
5.47
3.1
2.83
3.16
2.74
5.86
3.16
3.02
2.76
2.73
2.85
2.81
2.78
3.17
5.66
2.72
2.98
2.93
2.99
5.39
2.83
2.92
3.17
2.83
6.83
3.04
3.18
2.49
2.89
3.0
2.58
2.83
2.95
2.76
2.87
2.89
3.12
3.66
2.61
2.66
4.62
2.74
2.63
3.2
2.9
3.65
3.19
2.82
3.02
2.77
2.84
2.89
2.89
3.13
3.16
2.98
3.32
3.0
2.92
3.16
2.83
3.0
5.8
3.1
3.08
2.92
2.98
2.9
2.84
2.67
5.75
3.03
2.89
2.9
3.0
7.07
2.74
2.69
2.7
3.15
2.82
2.85
5.65
2.8
2.82
5.72
2.83
2.77
6.38
2.82
2.9
4.71
2.81
2.87
3.88
3.65
2.89
6.15
2.64
2.81
2.88
2.76
2.82
2.78
2.83
2.99
2.75
2.85
3.01
5.7
5.86
2.85
2.8
2.86
2.75
2.88
2.84
5.17
6.19
2.86
3.06
2.88
2.82
6.22
6.49
2.89
3.0
2.82
5.04
2.76
2.86
2.91
2.84
2.79
3.75
7.28
2.82
2.75
3.11
2.77
2.83
2.9
2.56
3.6
3.23
2.71
5.55
2.86
5.37
2.88
3.01
3.02
5.75
3.1
2.8
2.82
2.88
2.75
2.72
7.24
3.41
3.02
4.98
2.86
4.37
5.53
2.93
2.93
3.04
6.57
3.06
3.14
2.84
2.88
2.78
2.6
2.86
2.8
2.82
2.71
2.74
2.6
2.71
2.57
2.92
2.89
2.86
2.81
2.84
2.93
2.74
2.8
2.73
2.73
2.78
2.85
2.88
2.84
2.89
2.92
2.91
2.87
2.87
5.76
2.93
2.96
2.71
5.8
6.11
5.83
4.76
2.69
2.68
2.79
2.63
2.73
6.43
5.69
2.9
2.57
2.78
5.91
6.01
6.08
2.82
2.89
2.79
2.95
2.9
2.78
9.36
2.68
2.81
3.29
5.86
3.58
2.83
3.04
2.88
2.99
2.85
2.94
3.24
2.84
3.19
2.99
2.68
2.99
2.77
2.77
2.9
2.91
2.93
2.99
2.89
2.97
2.92
2.94
5.85
6.06
5.87
2.91
5.65
6.3
5.97
2.75
2.88
2.63
2.75
5.02
5.01
2.85
2.74
2.94
3.07
3.02
5.93
3.12
2.98
2.87
2.94
2.93
3.03
2.91
4.07
2.99
2.91
2.86
2.78
5.47
3.03
2.77
5.86
2.87
2.94
3.06
2.98
3.0
2.93
3.03
2.92
2.83
2.76
2.64
4.05
2.9
4.98
2.97
2.96
3.01
2.94
2.78
2.88
5.77
5.94
2.79
2.87
3.0
4.61
2.84
2.97
3.02
5.86
2.91
3.08
3.25
2.9
4.9
2.95
2.99
6.22
2.88
2.91
6.65
2.86
2.86
3.0
2.92
2.94
6.65
2.88
2.99
3.06
2.88
6.05
2.91
2.9
5.99
6.33
2.9
2.73
2.78
2.81
2.92
3.04
2.86
2.88
2.9
2.85
5.53
2.91
2.79
5.79
2.81
2.97
3.11
2.95
2.81
3.01
5.32
2.84
2.9
2.92
2.96
2.99
2.79
2.74
2.9
2.7
3.06
3.06
3.06
2.92
2.63
3.21
2.8
4.64
6.37
2.84
3.09
2.74
4.96
2.81
4.37
2.8
2.92
2.93
4.63
2.82
3.01
3.01
2.87
2.85
2.77
3.08
2.89
2.85
2.82
2.94
2.97
5.73
2.87
4.66
2.86
2.7
2.74
2.96
3.01
2.89
2.93
2.94
2.82
3.12
6.71
2.91
2.87
2.84
3.0
2.9
3.4
6.93
2.84
2.88
2.71
2.79
2.8
2.75
2.99
2.79
2.87
2.88
3.01
3.06
2.98
2.83
3.03
2.95
2.94
5.76
3.7
2.96
2.87
2.6
2.78
2.93
2.95
7.31
3.16
2.93
6.15
3.01
2.97
6.06
2.99
6.78
4.7
6.18
6.37
4.97
5.88
2.7
2.77
2.92
3.29
5.82
6.07
2.92
2.84
5.98
3.25
2.94
3.19
6.4
5.77
3.81
5.47
2.76
3.11
3.19
2.95
2.67
2.65
2.88
2.86
7.03
2.63
2.85
6.15
2.94
2.72
6.11
2.75
6.08
4.96
2.88
5.83
5.63
5.8
2.98
2.62
2.9
3.03
5.82
5.96
3.29
2.95
5.79
2.88
2.85
3.72
6.74
5.87
3.06
5.81
2.85
3.05
3.09
2.99
2.88
2.77
2.73
2.64
2.77
2.72
2.73
2.8
2.99
2.84
3.9
2.62
2.42
2.58
2.94
2.69
2.77
2.94
2.68
2.92
2.96
5.97
2.93
2.98
3.1
2.97
3.03
2.91
3.13
2.68
2.77
9.97
3.41
2.95
2.67
2.79
3.1
2.91
2.96
2.94
2.61
3.03
2.91
2.82
2.88
2.97
3.0
2.88
3.21
3.14
3.03
3.08
2.89
2.75
2.77
2.69
2.99
2.9
2.75
2.68
5.23
7.32
2.85
2.86
3.11
3.14
2.75
2.97
2.97
2.85
2.81
2.73
2.78
2.84
2.88
2.9
2.93
2.82
2.89
2.85
2.84
2.87
3.1
2.49
2.8
2.62
2.78
2.82
2.88
3.0
3.01
3.06
2.79
2.92
2.99
3.0
2.77
2.58
2.39
2.66
3.05
5.32
3.36
3.54
2.6
2.77
2.77
2.68
2.93
2.94
2.95
2.86
7.29
3.36
2.87
6.1
4.93
2.92
3.34
5.49
2.89
4.74
2.92
6.07
5.22
5.17
2.91
2.87
2.88
2.99
5.7
5.84
2.9
2.85
5.08
3.05
2.9
9.2
2.92
2.86
6.6
6.35
5.91
3.86
5.08
2.81
2.94
2.81
2.97
2.93
3.22
2.89
2.82
2.87
7.61
2.89
5.55
6.49
2.89
5.8
6.02
6.0
5.68
2.91
2.92
5.8
5.32
2.88
2.7
2.9
2.89
5.94
4.95
2.96
2.84
5.87
2.86
5.72
2.85
2.85
2.86
2.95
2.86
2.81
5.57
2.89
2.81
3.19
2.87
2.88
2.88
2.83
5.98
5.26
2.86
5.9
3.31
3.0
2.86
5.78
2.9
5.14
2.75
6.54
6.0
5.94
2.84
2.88
2.91
2.88
2.86
2.94
6.31
2.79
2.82
5.17
2.82
2.93
2.79
3.29
2.9
2.89
2.84
2.87
6.08
2.87
7.7
3.01
5.84
2.89
2.95
2.8
7.22
2.89
2.85
5.89
2.87
3.24
5.0
2.87
7.07
4.98
2.86
6.27
5.3
4.64
2.86
2.86
2.85
2.93
5.46
5.81
6.6
2.86
2.83
5.44
2.96
2.82
8.83
2.9
7.46
6.66
3.85
5.44
2.9
2.94
2.78
2.86
2.88
2.88
3.1
2.91
2.88
2.85
7.75
2.87
5.67
6.28
2.88
5.7
6.2
5.97
6.01
2.89
6.2
3.64
6.34
5.01
2.81
2.67
2.94
2.84
5.71
5.13
2.95
2.86
5.95
2.84
5.74
2.87
2.9
2.86
2.84
3.19
2.83
5.58
2.91
2.81
2.9
2.83
2.87
2.84
6.23
4.59
2.91
6.06
2.89
2.93
2.86
5.94
2.95
5.54
2.7
6.65
5.58
6.14
2.83
2.83
2.99
2.85
2.76
2.91
2.85
2.86
5.28
2.78
2.91
2.76
3.1
2.89
2.87
2.88
2.87
5.62
2.86
7.63
2.9
5.26
3.07
3.06
2.74
3.02
3.02
2.86
2.95
2.73
2.97
2.79
2.94
2.86
7.0
3.04
2.75
5.76
2.79
5.56
3.08
2.84
2.97
3.04
2.95
3.01
2.88
2.78
4.59
3.25
2.97
2.91
3.05
3.14
3.21
4.47
2.65
5.41
2.85
4.18
2.91
6.2
3.08
7.48
3.05
5.66
3.13
2.92
2.8
3.11
2.6
3.15
3.02
2.73
2.97
3.09
8.58
2.53
4.31
2.94
3.49
2.81
5.68
2.74
3.28
2.93
2.96
2.89
2.79
5.51
2.69
3.07
5.58
2.86
3.06
2.57
2.95
2.58
2.99
2.7
2.97
3.0
2.97
2.83
3.0
2.96
5.88
5.61
6.27
2.97
6.04
6.72
2.92
3.1
3.06
2.75
6.77
3.05
2.87
3.32
3.14
2.64
2.87
2.9
2.9
2.78
3.08
5.87
9.45
5.77
2.75
4.87
3.28
3.1
3.06
2.7
3.05
6.14
5.88
2.87
3.04
3.56
2.97
6.06
3.03
3.03
2.89
2.85
6.42
3.16
2.79
3.05
2.68
2.65
2.73
2.8
2.96
2.93
6.77
2.74
2.98
2.66
5.78
3.15
6.03
2.9
2.95
3.14
5.18
3.43
2.68
2.94
2.66
2.79
3.89
2.83
3.44
3.07
2.87
5.37
3.13
2.93
2.74
3.0
2.88
2.96
2.65
2.58
2.84
2.92
2.95
5.71
3.39
6.43
2.97
2.97
2.77
3.16
2.86
2.87
2.7
2.9
2.94
3.04
2.86
2.72
2.96
2.7
4.44
3.0
3.38
2.83
2.87
3.0
2.98
2.89
3.03
6.16
3.0
2.99
3.04
2.68
2.7
2.88
4.5
2.83
6.33
3.13
2.99
3.06
2.8
2.77
2.95
2.82
2.89
2.52
3.15
2.75
2.98
3.06
2.7
6.88
2.94
3.03
5.87
3.06
2.97
5.49
2.8
4.75
2.71
5.95
5.91
5.28
2.98
2.86
2.73
2.87
5.59
5.84
2.84
2.75
5.35
3.01
2.82
9.29
3.01
6.13
6.52
3.19
5.49
2.93
2.97
2.83
2.88
2.97
4.3
2.98
2.75
2.85
3.04
3.1
2.91
2.98
2.95
5.65
2.81
5.58
3.13
5.68
6.44
5.93
5.89
2.87
6.2
3.32
6.07
5.01
2.73
5.55
2.79
2.87
5.98
5.04
2.93
3.07
5.75
9.04
2.85
5.87
2.79
2.89
2.96
2.94
2.81
6.35
2.67
2.69
2.9
2.96
4.43
2.76
2.74
2.7
3.02
2.63
5.77
4.9
2.75
5.96
3.14
3.1
2.72
5.9
3.09
5.33
2.59
6.55
6.2
2.74
2.77
3.15
2.69
2.64
3.13
2.72
2.89
3.12
2.64
2.69
2.92
3.0
2.88
2.8
2.89
5.59
2.98
7.31
2.93
5.86
2.97
2.89
2.73
6.93
2.84
2.91
5.81
2.97
3.15
5.34
2.97
4.62
2.73
6.02
5.85
5.42
2.96
2.77
2.82
2.95
5.61
5.81
2.86
2.81
5.48
3.05
2.73
9.09
3.0
6.03
6.47
2.99
5.35
2.87
2.98
2.96
4.42
2.78
2.95
4.01
2.92
2.74
2.96
3.08
3.1
2.82
2.9
2.82
5.68
2.98
5.68
3.12
5.69
6.06
6.46
6.12
5.97
2.94
6.26
3.68
6.19
4.9
2.95
5.73
2.97
3.06
5.71
4.97
3.08
3.11
5.84
2.83
5.79
2.78
2.92
2.8
2.95
2.79
6.35
2.79
2.75
2.82
3.13
4.46
2.72
3.0
2.95
3.02
2.72
5.94
4.89
2.76
5.71
2.94
3.05
2.86
5.86
2.95
5.25
2.51
6.49
6.08
2.76
2.87
3.0
2.79
2.72
2.95
4.59
2.77
2.86
2.98
2.6
2.85
2.73
2.85
2.95
2.85
3.06
5.45
3.05
7.42
3.04
5.65
2.94
2.74
2.9
2.91
5.85
2.72
2.56
2.71
2.58
2.91
2.97
2.88
2.78
7.28
3.28
3.31
5.97
2.95
5.8
3.19
2.85
3.36
3.0
2.68
3.07
3.08
2.97
2.81
2.83
2.59
3.41
3.09
3.04
3.0
3.28
3.02
4.21
5.9
2.82
4.66
3.09
6.19
3.08
5.89
3.16
5.93
2.94
2.72
3.02
3.15
2.76
2.75
3.04
3.15
6.12
3.0
2.96
2.77
6.11
3.61
4.74
3.03
3.05
3.33
3.0
3.1
2.88
5.46
3.02
3.34
6.99
2.71
2.85
3.04
2.76
2.83
2.95
3.13
2.86
3.18
2.91
4.35
5.55
2.74
2.81
2.9
2.82
2.91
2.97
5.08
3.06
2.63
5.79
6.16
5.95
2.89
5.94
5.52
2.87
3.0
3.29
2.94
7.17
7.14
2.87
2.77
2.8
2.72
2.79
5.8
6.84
6.1
2.69
2.86
2.77
3.11
3.14
3.01
3.07
4.51
5.54
5.36
3.29
3.47
3.02
2.85
2.69
2.84
3.03
2.92
2.9
3.38
6.03
9.09
5.7
2.69
4.93
2.91
2.99
2.9
2.67
3.24
5.82
5.89
6.91
2.98
2.76
3.21
2.84
6.08
3.27
3.12
3.43
2.71
6.53
5.98
2.91
2.7
2.81
2.98
2.92
2.92
2.89
2.97
3.27
6.9
2.75
2.71
2.82
6.17
2.76
5.8
7.07
3.52
3.9
2.75
5.49
2.86
2.79
2.75
2.65
2.84
2.69
3.04
2.97
2.83
5.98
2.81
3.18
2.64
2.79
3.02
2.76
2.87
2.83
7.36
3.16
2.98
3.02
5.55
5.97
2.85
2.71
2.84
2.88
2.81
2.8
2.71
2.67
2.99
2.85
2.86
2.82
2.9
2.9
3.57
2.93
3.09
2.86
2.88
2.97
3.1
2.84
2.88
2.87
3.28
2.85
2.92
5.66
2.76
3.05
3.06
2.83
2.75
2.87
4.27
2.89
5.75
2.87
2.74
2.87
2.74
2.78
3.17
2.71
3.01
2.82
2.79
2.74
3.01
7.52
2.7
2.89
2.81
2.77
2.81
3.4
2.84
2.9
2.91
2.9
2.79
2.72
3.72
3.02
3.07
2.78
2.87
2.92
3.97
2.92
2.93
2.81
2.73
2.85
2.88
2.83
2.56
3.19
2.69
3.07
2.7
2.87
3.03
2.52
4.87
2.72
2.91
2.87
2.82
2.81
2.91
2.91
2.87
2.78
2.81
2.72
2.86
2.89
2.83
2.82
2.74
2.87
3.07
2.92
2.92
2.78
2.95
3.04
2.9
2.99
3.17
2.58
2.96
3.28
2.94
3.02
2.94
2.94
6.75
7.46
3.08
2.62
5.9
5.85
6.0
2.95
5.85
2.73
2.74
2.88
2.74
5.4
2.88
6.77
2.87
2.98
2.7
3.09
2.85
2.82
5.15
2.89
2.98
2.86
2.89
5.79
2.81
2.83
6.42
6.41
2.91
2.93
3.0
2.96
2.95
3.01
2.88
2.92
2.9
2.93
2.9
6.15
9.29
6.42
2.87
4.99
3.05
2.8
2.89
2.9
2.82
2.87
4.82
5.81
5.26
2.71
2.83
2.86
3.12
2.83
3.07
3.01
5.84
2.81
2.99
2.92
6.84
3.01
5.76
3.05
3.0
6.28
2.8
2.96
2.89
5.32
2.92
2.94
2.92
5.69
3.0
2.82
2.9
2.96
2.94
2.79
2.81
6.75
3.06
2.89
2.98
2.83
6.33
3.22
2.92
5.91
5.94
2.82
2.76
2.77
2.94
2.94
2.89
2.82
4.96
2.91
2.95
2.88
4.3
6.08
2.82
3.0
3.18
2.98
2.88
2.97
5.03
3.46
2.85
2.91
2.97
2.96
2.68
2.94
2.74
2.95
2.76
2.8
6.07
2.87
2.92
2.76
5.63
6.75
3.0
3.09
2.92
2.83
2.95
2.8
2.74
2.8
2.96
2.95
2.87
2.69
2.78
4.29
3.04
3.25
3.29
6.33
3.07
2.99
2.57
4.77
2.99
2.82
2.66
2.94
2.81
2.88
2.95
2.89
2.99
3.08
5.7
2.76
2.93
2.89
2.86
2.9
3.3
2.86
2.98
2.88
3.02
2.83
2.76
3.0
5.45
2.8
2.84
2.79
2.93
2.85
2.86
2.91
2.96
2.81
2.89
2.75
2.75
6.46
2.82
2.82
2.82
2.87
2.84
2.89
2.79
3.42
2.73
2.88
4.81
3.02
3.34
2.88
4.81
3.01
3.34
2.82
2.89
2.85
2.72
2.94
2.84
2.85
2.88
2.99
2.94
2.94
2.93
3.27
2.92
2.68
2.82
2.9
2.85
2.59
2.84
3.03
5.77
3.05
2.81
2.85
2.84
2.78
2.82
3.04
2.73
2.96
2.77
2.95
2.99
2.82
2.94
2.94
2.87
3.0
2.82
2.82
3.29
2.8
2.96
2.99
3.05
2.96
2.97
2.89
2.91
7.03
2.59
2.82
3.26
2.93
2.91
2.86
3.23
3.02
3.03
2.97
3.06
5.95
2.96
5.56
2.79
2.96
2.83
6.64
2.82
3.04
2.81
2.88
2.92
2.78
6.59
2.78
2.97
3.05
2.71
2.48
2.52
2.83
6.05
2.98
2.84
2.96
2.74
2.85
2.6
2.88
4.77
5.38
5.16
3.14
6.32
6.9
5.6
2.99
5.9
4.98
2.64
2.58
2.81
2.7
3.23
2.47
2.68
2.57
2.72
3.54
7.74
3.06
6.52
3.04
2.62
4.32
6.1
3.03
3.25
3.04
2.76
4.52
2.93
5.38
5.69
3.05
5.03
3.11
2.72
2.9
4.86
5.83
3.37
5.54
4.67
2.91
2.95
4.62
2.86
2.78
3.16
2.52
3.65
3.04
2.11
6.18
2.15
2.74
2.72
6.8
6.18
2.99
6.93
5.22
2.82
3.02
2.5
3.0
2.95
2.96
3.3
2.77
5.77
3.02
5.52
2.81
2.84
2.73
2.52
4.26
6.02
2.85
2.71
2.87
2.75
3.07
5.86
2.81
2.88
2.96
3.05
6.07
2.79
3.21
2.94
2.87
2.98
6.72
2.84
6.4
3.1
2.39
3.07
2.94
2.79
2.99
2.84
2.68
2.7
2.55
3.08
2.85
2.66
2.99
2.88
6.97
5.12
2.84
2.97
2.94
3.0
2.28
2.7
2.74
3.0
6.86
2.96
2.89
6.41
2.87
2.82
4.09
3.13
2.94
2.86
5.75
4.28
2.97
3.07
2.45
2.86
2.91
2.7
2.75
2.78
7.81
5.4
2.93
2.84
2.65
2.93
2.8
2.94
2.86
3.23
6.48
2.82
4.53
7.34
3.83
6.16
2.83
2.78
2.56
5.75
5.64
5.91
7.7
2.68
2.95
2.77
2.77
3.0
2.57
6.13
4.53
2.91
5.63
2.74
2.89
4.14
2.73
2.96
2.66
2.75
2.69
2.83
2.85
2.8
2.65
2.75
2.77
2.67
4.52
5.86
2.85
6.37
2.8
2.75
2.67
2.93
2.7
2.77
4.33
2.94
3.28
3.94
2.82
2.52
2.87
6.03
6.18
4.01
2.89
4.58
2.69
2.91
2.82
5.14
4.47
4.98
2.89
3.0
2.72
2.77
2.79
2.62
2.94
2.73
3.38
3.13
2.87
2.91
2.74
2.74
2.69
3.35
2.93
7.5
2.95
5.79
5.95
2.88
2.81
2.91
5.21
2.91
2.93
2.99
2.85
2.92
2.88
5.76
3.01
5.85
2.9
2.87
2.91
2.91
5.4
2.97
2.86
6.02
2.92
3.12
5.8
5.92
2.93
2.92
6.47
2.97
6.14
6.07
5.8
5.88
6.56
6.2
5.82
6.99
6.55
2.81
3.0
2.86
2.91
9.61
4.98
2.9
2.92
2.87
5.75
2.86
2.96
2.88
2.88
6.0
6.32
4.72
3.0
5.97
5.89
2.88
2.89
2.92
3.29
2.88
2.88
2.93
6.16
2.91
6.03
2.9
3.04
2.86
2.87
3.44
5.98
2.92
5.8
2.9
2.9
7.26
6.69
5.13
5.87
2.88
2.87
2.9
2.96
2.95
3.03
2.95
2.9
3.04
5.91
3.2
2.86
2.97
6.3
5.9
4.59
2.92
3.16
5.76
2.91
7.47
3.45
2.65
2.83
3.01
3.08
2.91
2.87
3.35
3.18
2.89
2.84
2.8
2.86
2.87
2.79
2.76
2.89
2.92
6.83
2.89
6.01
2.87
2.82
2.84
6.08
3.56
2.78
2.82
2.88
5.85
6.34
2.86
5.79
2.89
5.58
2.79
2.9
2.94
2.86
2.81
2.82
2.9
2.83
2.89
2.86
2.86
2.8
2.78
2.8
2.89
2.96
2.83
2.86
2.78
5.81
2.99
2.74
2.91
2.87
2.79
3.03
2.86
5.63
2.87
4.71
2.81
2.84
2.86
2.82
2.92
7.31
5.89
2.77
2.91
2.89
2.78
2.86
2.87
2.88
2.78
2.79
2.92
2.97
6.22
2.92
2.94
2.94
2.84
2.83
6.53
2.85
2.96
2.98
2.91
2.85
5.97
2.85
2.92
2.91
2.93
6.1
2.91
2.85
2.98
5.42
2.86
2.9
3.0
2.72
2.85
2.93
5.19
2.85
2.86
2.83
2.86
2.9
2.86
2.89
2.84
2.72
4.18
5.29
2.89
2.84
2.93
2.88
2.86
2.94
2.85
2.86
2.85
2.76
2.83
2.87
2.85
7.02
2.77
2.89
5.9
5.94
5.88
2.84
5.97
6.42
2.82
2.86
2.89
2.82
4.74
2.82
7.16
2.83
2.83
2.86
2.87
2.86
2.89
4.87
2.89
2.92
2.74
2.9
5.76
2.89
2.87
5.85
5.71
2.81
2.88
2.85
2.82
2.72
2.84
2.85
2.93
2.87
2.81
6.11
9.17
5.91
2.83
4.9
2.88
2.85
2.88
2.85
2.89
2.87
2.92
5.93
5.72
2.76
2.9
2.93
2.86
2.87
3.36
2.85
5.91
2.88
2.9
2.91
4.41
2.95
5.95
2.88
2.83
6.1
2.81
2.95
2.85
2.83
2.78
2.92
2.85
2.8
2.8
2.76
2.83
2.89
2.87
2.91
6.68
2.89
2.84
2.87
2.82
6.1
2.82
2.86
5.96
6.74
2.8
2.86
3.63
2.83
2.8
2.87
2.86
2.85
2.8
5.43
2.89
6.6
2.89
2.88
2.73
6.02
2.85
2.87
2.9
2.92
2.86
2.81
5.72
2.81
2.81
2.82
2.84
2.88
2.86
2.88
2.75
2.81
6.74
2.9
2.94
5.09
2.88
5.55
5.84
6.15
2.83
2.85
2.77
2.91
2.81
2.8
2.88
2.83
2.92
2.85
2.84
2.85
2.93
2.77
2.8
2.99
2.76
2.97
2.88
2.84
2.88
2.94
2.84
2.86
2.72
2.87
2.79
2.88
2.84
2.81
2.96
5.84
2.85
5.83
2.78
2.95
2.94
2.77
2.95
2.85
2.82
2.83
2.73
2.96
2.78
2.88
2.98
6.16
2.92
2.88
2.85
2.9
2.84
2.92
2.91
2.82
2.87
2.85
2.83
2.77
7.15
2.83
2.75
2.83
5.01
2.87
2.86
2.77
2.91
2.89
2.85
2.78
2.91
2.86
6.7
2.87
5.72
2.88
2.83
2.77
5.75
2.84
2.73
2.85
2.96
4.82
5.67
4.62
5.71
2.78
5.58
2.84
5.37
2.66
2.78
2.86
2.93
2.82
2.94
2.94
2.85
2.98
2.91
2.9
2.75
2.72
2.7
2.95
2.92
2.84
2.83
2.73
3.0
2.75
2.84
2.93
2.76
3.04
2.8
5.63
2.88
2.86
2.87
2.95
2.85
2.98
7.51
5.46
2.85
3.3
2.92
2.82
2.89
2.88
2.87
2.95
2.87
2.98
2.96
6.0
3.07
2.88
2.94
2.79
2.78
6.16
2.88
2.83
2.92
2.85
2.81
6.39
2.92
2.85
2.85
2.86
5.42
2.83
2.76
2.96
5.34
2.85
2.93
2.93
2.68
2.88
2.93
2.85
2.94
2.85
2.94
2.98
2.91
2.84
2.76
2.71
3.58
2.97
2.8
2.97
2.83
2.85
2.95
2.99
2.86
2.8
2.85
2.87
2.8
3.04
6.67
2.65
2.88
5.83
5.81
5.44
2.81
6.16
5.78
6.29
2.83
2.92
2.88
2.74
5.09
2.91
7.31
2.81
2.86
2.83
3.01
2.89
2.93
4.75
2.94
2.97
2.84
2.84
5.75
2.9
2.91
5.52
5.72
2.87
2.85
2.89
2.84
2.74
2.93
2.91
2.88
2.9
2.86
5.74
8.93
5.99
2.84
4.77
2.96
2.89
2.89
2.9
2.86
2.9
2.82
5.82
6.76
5.72
2.73
2.95
2.99
2.86
2.93
3.03
2.92
5.72
2.9
2.97
2.92
2.94
6.11
2.93
2.82
6.33
5.69
2.8
2.91
2.86
2.69
2.95
2.94
2.87
2.93
2.73
2.82
2.79
2.93
2.82
2.99
6.83
2.99
2.95
2.91
2.79
5.94
2.79
2.86
5.93
7.55
2.74
2.85
2.99
2.82
2.82
2.8
2.91
2.85
2.93
2.82
5.05
2.96
2.88
2.93
2.75
5.78
2.85
2.91
2.99
2.95
2.89
2.82
5.5
2.76
2.85
2.87
2.97
2.91
2.86
2.92
2.67
2.85
6.55
2.88
2.93
5.21
2.86
5.79
5.86
6.05
2.88
2.91
2.84
2.86
2.74
2.73
2.87
2.88
2.9
2.89
2.78
2.88
2.93
2.76
2.94
2.98
2.78
2.93
2.9
2.93
2.91
2.85
2.93
2.66
2.8
2.88
2.75
2.87
2.76
2.78
2.94
5.78
2.95
5.65
2.84
3.0
2.92
2.78
2.95
2.84
2.78
2.86
2.78
2.97
2.85
2.83
2.93
5.71
2.9
2.93
2.91
2.92
2.83
2.96
3.01
2.83
2.89
2.95
2.82
2.76
7.37
2.87
2.83
2.9
6.26
5.72
2.84
2.99
3.09
3.01
2.82
2.88
2.9
2.72
2.76
2.87
2.82
6.34
2.88
2.86
2.89
2.88
2.9
2.85
5.86
2.91
2.82
2.95
2.95
2.84
2.8
2.81
5.75
5.77
6.61
5.79
6.5
6.29
7.16
6.65
5.72
7.26
2.71
2.8
2.67
2.9
2.81
2.73
2.85
6.44
2.72
2.8
2.83
2.9
5.09
2.91
2.84
2.94
2.87
2.84
5.79
2.95
2.96
2.92
2.89
2.91
5.84
2.93
3.03
2.95
2.77
2.98
3.88
5.9
5.72
2.94
2.86
2.91
5.17
2.83
2.97
2.88
2.76
2.93
2.9
2.92
2.8
5.47
2.78
2.9
2.62
2.74
3.53
2.92
6.04
2.89
2.95
2.87
2.94
2.94
5.95
5.89
2.93
2.88
2.86
2.82
5.64
2.89
2.9
2.87
4.09
2.84
2.81
2.7
2.85
5.04
2.96
9.17
5.75
2.98
3.42
2.89
3.01
5.85
2.9
2.89
2.82
2.85
6.31
3.36
6.29
3.48
3.05
2.93
3.35
3.04
2.98
2.96
2.95
2.95
2.71
2.77
2.7
2.64
2.77
2.93
5.08
2.84
2.85
2.76
2.97
2.98
2.87
2.86
4.09
2.87
2.89
2.93
3.31
3.25
2.88
2.9
2.98
2.87
2.93
2.94
5.93
2.94
2.95
2.92
2.84
2.9
3.05
2.97
2.88
2.84
2.92
2.84
2.79
2.87
3.27
2.87
4.09
2.79
7.13
5.83
2.83
2.8
2.75
2.9
2.85
2.75
5.93
2.73
3.1
2.56
2.68
2.8
2.79
2.96
2.68
2.69
2.84
9.3
2.85
9.26
4.51
2.85
2.86
5.95
2.85
2.88
3.5
2.85
3.16
5.79
3.4
2.88
2.88
2.81
2.86
2.86
3.38
6.13
2.87
5.96
6.38
6.04
5.73
6.1
2.86
2.9
2.89
5.11
2.9
2.84
5.92
2.85
2.86
2.91
2.86
2.93
2.87
2.92
6.05
6.67
5.49
2.89
4.99
2.92
2.91
2.86
5.82
5.83
3.34
2.9
2.89
2.9
2.89
2.78
2.9
2.83
2.94
2.84
2.84
3.36
2.88
2.81
2.92
2.92
2.89
2.89
2.85
3.8
2.89
2.81
2.84
5.8
4.56
2.86
2.86
3.48
6.04
3.41
2.91
5.81
3.0
2.89
2.88
3.23
5.47
2.84
2.87
2.86
2.84
2.87
2.85
2.94
2.85
2.86
6.34
2.85
2.92
5.69
3.33
2.87
2.82
2.88
2.84
3.36
2.86
6.77
6.05
3.6
2.85
2.94
2.87
2.92
2.86
2.93
2.91
2.88
2.86
2.87
2.88
2.85
2.83
6.02
2.86
2.88
2.89
2.85
4.67
2.87
2.9
2.85
2.86
3.4
2.76
3.37
2.88
3.6
3.15
3.53
2.85
2.9
2.89
2.83
2.9
2.88
2.91
6.06
5.91
2.83
2.89
2.85
2.84
2.84
2.86
2.89
2.85
2.83
2.87
3.86
5.81
2.85
2.91
2.87
2.88
2.83
2.84
7.5
2.86
3.98
6.0
3.31
2.88
2.85
5.64
2.91
6.31
2.86
5.39
6.07
2.91
6.38
2.86
2.86
5.48
2.86
3.61
2.86
2.92
2.85
2.82
2.88
2.87
3.62
2.85
2.85
2.95
3.71
5.74
2.86
5.96
2.86
6.99
3.24
2.92
3.27
5.62
3.4
3.46
2.84
2.84
2.86
2.95
6.91
6.03
3.55
3.41
2.86
5.79
2.86
2.85
2.86
2.86
2.85
4.97
2.83
2.93
2.83
2.81
7.94
2.86
2.9
2.84
2.83
3.65
3.24
2.96
2.82
3.2
4.32
3.01
2.85
2.84
2.85
2.83
2.83
2.86
6.55
6.82
2.86
2.84
2.87
2.83
2.83
2.86
2.8
5.97
2.84
2.82
2.87
2.85
2.85
2.81
2.81
2.82
2.82
2.83
2.83
5.05
2.81
2.83
2.87
6.03
6.89
2.83
2.85
2.95
2.82
2.82
2.84
2.83
2.87
2.82
2.85
3.96
2.84
3.87
2.83
2.83
2.82
2.83
2.84
2.83
2.79
2.87
2.87
2.83
2.81
2.86
2.85
5.6
2.82
2.78
2.84
2.81
5.38
7.01
5.5
2.85
5.2
2.9
2.89
2.84
2.83
2.82
2.86
5.48
2.84
2.85
2.84
2.84
2.9
2.84
2.83
2.84
2.83
2.84
2.83
2.83
2.85
2.82
2.87
2.82
2.83
4.94
2.81
7.15
5.64
2.85
3.17
2.85
2.94
2.84
2.85
2.82
2.85
2.79
2.86
2.82
2.85
2.83
7.14
2.8
2.83
2.84
2.84
2.86
2.85
4.58
2.8
5.16
2.82
2.84
2.85
2.84
2.83
2.84
2.87
2.84
2.86
2.84
2.83
2.83
2.96
2.87
2.82
2.76
2.83
2.82
2.83
2.85
2.83
2.82
2.83
2.85
2.86
2.84
2.84
2.86
2.83
2.81
2.83
2.83
2.87
2.84
2.87
2.87
2.83
5.39
2.84
2.84
2.84
2.82
2.86
2.87
2.85
3.26
4.46
2.65
2.78
5.97
2.76
2.51
2.84
2.84
2.9
2.94
5.33
2.84
2.83
2.86
2.89
2.84
5.68
2.84
2.89
2.93
2.86
2.82
2.85
5.05
5.62
7.25
5.88
6.17
6.56
2.6
2.8
5.22
2.95
2.89
5.71
2.84
2.9
2.87
2.89
2.87
5.99
4.91
2.89
2.91
2.9
2.87
2.84
5.74
5.72
2.92
2.87
2.78
2.89
2.86
2.85
2.85
2.83
2.85
2.86
3.19
2.82
2.83
2.87
3.07
6.62
2.88
3.26
6.07
2.85
5.79
2.78
2.89
2.87
2.9
5.28
2.86
5.78
2.84
2.87
3.14
5.38
2.97
2.9
2.84
2.78
2.9
7.29
5.45
5.78
2.84
2.85
2.78
2.94
2.87
2.89
2.91
2.83
2.86
2.88
2.83
2.83
2.74
2.38
2.83
3.98
5.84
5.28
2.84
2.87
2.86
2.85
2.91
2.76
2.84
2.83
2.85
2.79
3.34
2.86
2.87
2.84
2.86
2.87
2.88
2.82
2.83
2.91
2.86
6.57
2.85
2.82
5.57
2.85
2.87
7.51
2.91
2.83
2.78
2.87
2.86
2.88
2.86
2.8
7.4
2.91
2.74
2.82
2.79
2.91
2.92
5.82
2.93
2.8
2.94
2.92
2.81
2.96
2.93
6.55
2.88
5.33
2.83
2.81
2.83
2.83
2.85
2.81
2.88
2.79
2.92
2.8
2.86
3.45
2.88
5.39
5.99
2.9
2.9
2.79
3.07
3.0
2.9
2.83
2.85
2.8
6.78
2.92
5.26
2.87
2.91
2.98
7.81
2.83
2.99
2.81
2.88
2.86
2.94
2.95
3.29
2.91
2.89
3.02
3.29
2.92
3.22
6.91
3.49
2.97
5.98
3.07
5.81
3.22
3.15
3.49
2.87
3.03
3.24
3.11
2.86
3.19
2.88
2.77
3.11
3.04
3.3
3.3
3.17
2.91
4.03
2.99
5.93
2.98
4.21
3.16
3.13
6.05
3.43
5.74
2.81
2.97
2.81
3.04
2.94
3.06
3.25
2.77
6.01
2.91
3.2
2.83
2.92
5.04
3.49
3.12
7.58
3.02
3.3
3.24
2.97
3.52
3.16
5.45
2.97
3.04
7.25
2.93
2.86
3.11
3.02
3.25
2.81
6.89
3.84
6.33
2.77
2.86
5.41
2.86
6.23
2.95
2.85
3.45
3.59
3.58
2.7
2.6
2.9
2.86
2.85
2.77
3.11
2.84
2.83
3.45
2.99
7.53
2.98
2.9
5.77
2.92
2.95
5.99
2.79
5.88
3.0
2.94
2.98
5.13
2.96
2.93
2.84
2.94
5.86
5.22
3.43
2.91
2.96
2.88
2.94
2.95
2.96
2.97
3.03
3.02
2.91
2.95
2.86
6.17
6.0
2.95
3.0
2.98
2.94
3.04
3.09
2.92
6.01
3.06
3.03
3.02
2.93
7.08
6.26
2.87
5.85
2.86
2.85
2.93
2.91
2.9
3.0
2.93
2.77
2.91
7.44
3.01
2.91
2.96
2.96
6.04
3.04
2.92
2.96
3.01
5.77
2.95
2.95
2.96
2.91
3.02
2.8
3.04
3.06
6.7
2.93
5.95
6.07
6.13
2.91
6.42
5.84
7.1
2.87
2.72
2.77
2.78
3.04
2.89
2.86
2.98
2.9
4.5
4.97
3.03
3.0
3.02
3.54
3.1
2.96
3.03
3.0
3.15
2.92
5.8
6.29
3.0
5.17
3.1
3.13
2.97
3.63
6.1
3.29
5.72
2.93
3.75
2.87
2.99
2.93
2.96
3.06
2.89
3.11
2.99
2.94
2.98
2.84
2.95
3.2
2.84
3.03
2.85
2.83
2.9
2.79
2.96
2.97
2.89
2.89
3.05
5.95
2.93
5.92
2.98
3.04
2.98
5.94
2.91
2.95
3.66
2.93
2.79
2.96
3.0
2.86
3.08
5.78
6.32
6.04
2.92
2.96
3.02
3.06
5.96
3.24
3.02
2.87
2.86
3.26
2.97
7.06
2.88
5.23
6.04
6.29
3.03
3.09
3.03
2.93
3.15
3.08
3.06
3.09
3.13
2.99
2.91
2.99
2.87
2.96
2.93
2.95
2.96
2.95
3.09
2.96
2.91
3.09
3.26
3.01
2.99
3.19
2.99
2.92
3.05
3.04
2.98
2.98
3.06
3.01
5.98
2.88
3.09
3.0
3.0
2.83
2.88
2.88
3.29
5.79
5.58
3.06
3.58
3.02
2.81
5.17
2.85
2.76
2.97
5.52
2.72
6.86
5.94
5.73
6.21
2.85
5.6
6.15
2.84
2.82
2.93
3.8
5.01
2.87
7.59
2.99
3.02
2.84
2.78
2.73
6.03
3.0
2.73
2.93
2.85
2.89
2.85
2.89
5.25
2.9
2.85
2.76
2.86
5.72
2.91
2.75
5.17
5.61
2.85
2.75
2.92
2.84
2.8
2.83
2.77
2.98
2.95
2.88
5.77
9.24
5.75
2.78
4.88
2.89
2.92
2.88
2.91
2.94
2.8
3.96
5.97
5.68
6.57
2.77
2.99
3.36
2.92
2.89
3.45
2.96
5.8
3.25
2.93
3.0
2.89
5.63
2.96
2.89
7.33
5.99
2.79
2.92
2.89
2.82
3.01
2.95
2.85
2.66
2.82
2.88
2.88
2.92
2.9
7.15
2.96
2.98
2.91
2.94
6.05
2.83
2.94
6.03
7.25
2.93
2.88
2.74
2.74
2.9
2.93
2.86
2.6
5.65
2.93
6.01
2.93
2.86
3.6
5.11
5.88
2.83
2.89
3.06
2.78
2.88
2.84
5.75
2.74
2.8
4.73
2.94
2.83
2.82
2.87
2.85
2.8
2.75
6.8
2.86
2.86
4.93
5.03
3.51
5.73
2.84
2.82
2.88
2.94
2.72
2.74
2.78
2.85
3.02
2.92
2.79
2.88
2.84
2.72
2.86
3.33
3.0
2.76
2.8
2.84
2.84
3.75
2.82
2.78
2.82
3.24
2.71
2.86
2.93
2.79
3.03
5.62
2.91
5.88
2.85
2.98
2.96
2.73
3.43
3.13
2.74
2.88
2.8
2.88
2.66
2.89
3.02
5.76
2.82
4.75
2.73
2.79
2.95
3.02
2.98
2.83
2.88
2.9
2.86
3.03
7.01
2.82
3.08
3.14
2.72
2.88
3.07
2.92
3.03
2.82
2.88
3.6
7.06
2.75
3.29
2.84
2.78
7.38
2.93
5.95
2.94
3.05
2.92
6.04
2.96
2.83
2.81
2.82
7.04
5.8
5.2
3.0
6.37
5.65
3.01
3.15
3.76
2.77
2.96
2.85
2.97
2.91
2.8
2.91
2.98
2.85
4.72
2.9
2.87
2.97
3.02
2.98
2.81
2.87
2.9
2.91
2.82
4.17
3.3
5.06
2.86
5.4
4.71
2.85
2.91
2.95
2.84
2.78
5.76
2.91
5.61
2.84
2.78
2.87
3.26
2.93
3.17
2.86
2.94
2.99
2.98
2.97
2.95
2.82
2.92
3.65
3.13
3.03
2.93
5.65
3.26
2.93
2.9
2.95
2.95
2.82
2.95
5.84
2.89
2.78
2.95
2.84
2.96
3.04
5.53
2.84
2.9
2.74
3.03
2.93
2.9
2.9
2.85
5.4
2.81
2.91
2.92
2.81
2.86
2.8
2.79
2.99
2.82
2.91
2.89
2.88
2.83
2.84
2.82
2.77
2.89
2.85
7.08
2.81
2.84
6.34
2.83
2.83
2.92
2.89
2.87
2.85
2.84
2.87
2.84
5.0
2.86
2.84
2.9
2.85
5.57
2.81
2.86
6.27
2.87
2.87
2.88
2.86
2.86
2.83
2.89
2.89
2.84
2.85
6.73
2.85
2.84
2.9
2.82
2.93
8.0
2.83
2.85
2.89
2.89
2.85
3.12
2.84
2.82
2.83
2.9
2.89
2.89
2.84
2.81
2.89
2.91
2.82
2.82
2.79
2.84
7.56
2.76
3.21
2.78
2.82
6.52
5.67
2.86
2.82
2.84
2.83
2.87
2.86
2.88
6.06
6.5
5.7
2.84
5.11
2.88
2.84
2.89
2.85
2.78
5.73
5.54
2.84
2.91
6.65
2.81
2.82
2.87
2.88
2.88
2.84
2.81
2.91
2.8
2.81
2.89
2.85
2.81
5.75
2.79
2.82
2.85
6.3
2.87
2.81
2.83
5.96
2.86
2.86
2.85
2.81
2.86
2.81
2.96
5.98
2.78
2.87
2.9
2.91
2.87
2.84
2.89
2.82
2.82
2.86
2.84
2.87
2.92
5.48
2.81
2.81
2.9
2.85
2.82
2.9
5.25
2.81
2.84
2.8
2.87
2.91
2.86
2.87
2.83
2.86
2.86
2.85
2.8
2.89
2.88
2.83
2.83
2.81
2.83
2.82
2.86
2.89
5.68
2.91
2.8
2.85
2.8
2.87
2.87
2.81
2.88
2.82
2.88
2.8
2.85
2.83
2.88
6.56
2.87
6.02
2.86
2.84
2.89
2.85
2.89
2.96
3.55
3.33
3.41
2.92
2.97
3.55
3.34
3.4
2.92
2.96
3.55
3.34
3.41
2.93
2.96
3.56
3.34
3.4
2.92
2.97
3.56
3.34
3.4
2.93
2.96
3.56
3.34
3.41
2.92
2.96
3.55
3.33
3.41
2.92
2.96
3.56
3.34
3.41
2.92
2.96
3.57
3.34
3.41
2.92
2.97
3.56
3.33
3.4
2.93
2.96
3.55
3.33
3.41
2.93
2.97
3.56
3.34
3.41
2.92
2.96
3.55
3.33
3.41
2.92
2.97
3.56
3.33
3.41
2.92
2.96
3.55
3.34
3.4
2.93
2.97
3.56
3.33
3.41
2.93
2.97
3.56
3.34
3.41
2.93
2.97
3.55
3.34
3.41
2.93
2.96
3.56
3.35
3.41
2.92
2.96
3.56
3.34
3.41
2.93
2.96
3.56
3.35
3.4
2.93
2.96
3.56
3.34
3.41
2.92
2.96
3.55
3.34
3.4
2.92
2.96
3.55
3.34
3.41
2.92
2.96
3.56
3.34
3.41
2.93
2.97
3.56
3.35
3.41
2.92
2.95
3.55
3.34
3.41
2.92
2.96
3.55
3.34
3.41
2.92
2.96
3.56
3.35
3.41
2.93
2.96
3.56
3.34
3.41
2.92
2.96
3.56
3.34
3.41
2.92
2.97
3.55
3.34
3.41
2.93
2.96
3.56
3.33
3.41
2.92
2.96
3.56
3.34
3.4
2.93
2.96
3.56
3.34
3.41
2.93
2.96
3.56
3.34
3.4
2.93
2.96
3.56
3.34
3.41
2.92
2.96
3.55
3.35
3.41
2.92
2.96
3.56
3.34
3.41
2.93
2.98
3.56
3.34
3.41
2.93
2.97
3.56
3.33
3.42
2.92
2.97
3.55
3.33
3.41
2.93
2.96
3.56
3.34
3.41
2.92
2.96
3.55
3.34
3.41
2.92
2.96
3.56
3.34
3.4
2.92
2.96
3.56
3.34
3.41
2.92
2.96
3.55
3.33
3.41
2.92
2.96
3.56
3.34
3.41
2.93
2.97
3.56
3.34
3.41
2.92
2.97
3.56
3.34
3.4
2.93
2.96
3.55
3.34
3.41
2.92
2.96
3.57
3.34
3.4
2.92
2.96
3.56
3.33
3.41
2.92
2.97
3.56
3.33
3.41
2.92
2.97
3.56
3.33
3.41
2.93
2.96
3.55
3.35
3.41
2.93
2.96
3.56
3.34
3.41
2.93
2.96
3.55
3.34
3.41
2.93
2.97
3.56
3.34
3.4
2.92
2.97
3.56
3.34
3.41
2.93
2.73
2.86
2.75
2.85
2.72
2.9
2.77
3.02
5.53
3.37
3.05
2.76
2.98
2.69
2.71
5.88
2.86
3.0
2.93
2.66
2.9
2.63
5.73
5.71
6.5
5.85
6.11
6.31
2.8
2.81
4.67
3.07
2.8
5.95
2.74
2.78
2.91
2.84
2.89
5.69
4.8
2.91
3.06
2.61
2.68
5.47
5.7
5.78
3.12
2.92
3.55
2.98
3.02
2.86
2.85
2.9
5.89
4.74
2.54
2.88
2.83
2.94
2.82
2.79
3.01
3.23
6.07
2.99
3.02
5.33
6.56
2.79
3.07
5.87
2.85
6.06
2.7
2.79
2.94
5.38
2.71
2.95
2.73
3.04
2.73
7.04
5.88
4.61
6.21
2.85
2.87
2.77
3.06
2.94
3.02
3.19
2.68
2.95
2.82
3.03
2.82
3.33
2.9
3.46
3.05
4.41
2.96
2.67
2.84
3.08
3.0
2.62
3.15
2.78
3.13
2.67
2.82
3.17
2.9
2.74
2.64
3.07
3.24
2.78
2.77
6.07
2.63
2.67
7.18
2.74
4.8
2.81
3.64
3.0
2.78
3.13
3.12
3.02
2.78
5.94
2.94
2.73
2.97
2.82
2.91
2.68
2.86
6.22
2.81
2.93
3.46
5.91
2.78
2.78
3.03
2.72
3.34
2.98
6.14
2.78
3.01
5.86
5.95
6.26
2.8
6.52
2.89
3.08
2.8
6.18
2.96
3.01
2.84
3.0
2.95
2.94
6.07
6.3
4.89
3.11
3.12
2.89
2.93
3.03
3.24
5.93
5.94
3.05
7.23
5.64
2.86
2.97
2.75
2.98
3.11
3.1
3.38
3.24
7.36
3.24
2.95
4.16
2.73
4.05
2.68
2.97
3.07
3.27
3.02
2.83
3.05
2.82
3.02
2.84
2.76
2.75
3.19
2.9
2.93
3.12
3.18
3.35
5.1
2.71
3.13
2.97
3.31
3.15
3.04
2.71
5.16
3.17
3.04
6.67
2.83
3.12
5.84
6.61
2.97
3.31
3.15
3.05
2.98
5.65
6.34
6.33
6.05
3.1
3.05
3.01
3.03
2.84
7.33
3.29
2.79
3.06
3.09
3.05
2.88
2.74
2.91
3.06
3.08
5.41
2.98
2.92
3.24
2.63
2.71
3.02
6.65
2.83
5.92
6.19
3.37
3.02
3.35
3.07
3.67
8.51
6.35
4.17
2.88
2.88
3.05
3.13
3.24
2.7
2.9
2.89
3.14
2.89
3.31
3.1
2.92
2.95
3.25
2.89
2.99
2.96
3.11
2.85
3.58
3.63
2.63
3.68
3.06
2.96
3.23
5.4
5.76
3.11
3.08
3.17
2.96
2.67
7.77
6.38
2.72
2.97
2.76
3.11
3.04
3.05
2.83
3.18
3.22
3.29
3.0
3.2
3.46
3.1
3.27
3.56
3.2
3.14
2.66
4.63
2.86
2.81
5.55
3.1
3.13
3.04
7.7
3.19
3.1
2.9
3.21
2.92
2.87
3.23
2.77
3.18
3.11
3.05
2.94
2.96
3.05
2.98
3.0
3.06
3.08
3.05
2.97
3.29
3.37
2.77
3.05
6.1
2.77
3.19
3.09
2.95
3.01
7.12
3.05
2.91
6.34
3.44
3.1
4.79
3.04
2.77
2.84
3.22
3.12
3.08
2.94
3.03
3.1
3.11
3.11
7.08
3.2
3.91
3.27
2.68
2.79
3.37
6.06
2.91
3.23
3.52
3.0
2.93
3.43
2.89
2.83
3.17
3.12
2.81
3.4
3.28
3.43
3.33
3.29
4.75
4.8
6.09
3.27
3.01
2.9
2.94
2.82
3.12
2.65
2.76
2.98
3.18
2.75
3.22
2.75
3.11
2.83
6.15
3.58
5.9
6.77
2.97
2.9
3.01
3.41
3.2
2.93
2.9
2.96
6.29
3.0
3.06
3.01
2.96
3.05
2.71
3.22
3.27
2.95
3.09
2.98
3.13
3.1
3.35
3.21
2.95
2.76
2.81
2.81
3.55
3.06
2.83
2.83
6.0
3.12
3.09
2.92
5.33
2.97
2.98
7.19
5.46
2.79
2.71
2.66
3.16
2.94
3.21
2.97
2.84
3.03
2.96
3.27
2.83
3.18
6.0
2.92
2.99
4.63
2.82
2.81
5.78
2.81
2.81
2.85
2.92
6.56
2.89
3.38
2.76
2.84
3.46
5.45
2.87
2.9
4.7
2.86
2.88
4.81
2.83
2.91
2.84
2.81
2.88
2.79
2.82
2.8
3.49
2.91
2.73
3.21
2.84
2.88
2.82
2.85
2.88
5.02
2.81
2.86
2.86
2.84
2.81
2.9
2.83
2.84
2.85
5.35
6.14
2.84
2.84
2.81
2.86
2.89
5.75
7.61
2.84
3.08
3.05
2.82
2.81
2.79
2.87
3.0
2.79
5.85
5.91
6.04
2.82
6.51
5.72
5.72
2.78
2.72
2.75
7.19
6.53
2.74
2.73
2.77
2.81
2.75
5.78
6.69
6.51
2.86
2.86
2.8
2.89
2.82
2.7
2.88
5.22
5.47
2.8
2.93
2.86
2.84
2.83
2.98
2.82
2.91
5.95
9.29
5.71
2.79
4.8
2.86
2.8
2.79
2.84
2.83
5.91
5.8
2.87
2.79
2.94
2.88
5.7
2.77
2.84
2.8
2.84
6.16
2.84
2.79
2.8
2.85
2.83
2.97
2.79
2.75
2.88
6.61
2.82
2.9
2.79
5.9
2.8
6.07
2.78
4.35
2.78
5.22
2.8
2.75
2.82
2.78
2.85
6.26
2.79
2.95
2.81
2.85
5.74
2.72
2.85
2.77
2.8
2.83
2.84
2.92
2.7
6.71
7.16
6.77
2.83
2.85
5.43
2.77
6.18
5.85
6.28
2.86
2.9
2.75
2.92
2.82
2.82
4.77
2.82
2.91
2.77
2.78
2.64
2.72
2.62
2.92
2.9
2.84
2.77
2.82
2.81
2.75
2.98
5.84
2.74
2.9
2.85
2.7
2.82
2.83
3.31
2.82
5.92
2.77
2.84
2.82
2.82
2.75
2.73
2.65
2.8
2.82
2.85
2.84
2.77
2.81
2.78
2.77
2.79
2.85
7.36
2.79
2.74
5.79
2.79
6.16
2.85
2.67
2.85
2.82
2.85
2.88
2.87
2.79
2.64
2.68
2.56
2.83
2.79
2.82
2.9
2.84
2.83
2.76
3.03
5.53
2.81
2.95
2.66
2.88
5.82
2.84
5.89
2.84
2.87
2.75
2.83
2.76
2.77
2.8
2.82
6.01
2.85
2.83
8.03
2.78
4.56
2.84
2.89
2.74
2.94
5.49
2.9
2.79
2.75
2.77
2.82
2.74
5.73
2.71
6.87
2.98
6.87
2.77
2.79
2.76
2.78
2.67
2.91
2.83
2.85
2.82
2.65
3.14
3.8
2.84
2.71
6.77
2.8
2.76
5.5
2.9
2.91
6.05
3.04
2.83
2.88
2.83
2.83
5.62
2.81
5.73
2.86
5.57
3.12
2.87
2.86
2.82
2.86
2.88
2.86
2.85
2.85
2.85
2.86
2.92
2.74
2.79
4.06
3.07
2.74
2.84
2.8
2.83
2.89
3.08
2.81
2.87
2.92
5.67
2.78
2.89
2.82
2.92
2.88
2.88
5.82
5.93
5.87
2.8
2.78
2.78
2.83
2.99
2.82
2.9
3.0
5.53
2.86
2.92
2.86
2.87
2.89
3.36
2.84
2.82
6.26
2.79
2.83
2.89
2.94
5.66
2.81
2.88
2.87
2.73
7.42
2.84
2.84
2.82
2.84
2.93
2.84
2.87
4.46
3.03
2.83
2.73
2.87
2.94
2.79
2.83
5.52
5.57
2.85
2.76
2.82
5.86
6.13
6.26
6.01
2.82
5.7
2.8
2.84
2.82
2.87
2.78
2.75
2.79
2.77
2.86
7.07
2.89
2.78
2.86
2.78
2.86
2.75
2.89
2.86
2.8
2.84
2.82
2.83
2.81
2.8
2.96
2.8
2.86
2.87
4.87
2.84
2.83
5.74
2.83
4.84
6.09
2.83
2.87
2.84
6.12
2.78
2.85
2.86
2.75
2.88
2.81
2.81
2.86
2.88
2.8
2.83
7.07
3.0
2.9
2.79
2.85
2.8
2.81
2.78
2.8
2.84
2.87
2.83
2.87
2.79
2.83
5.97
2.84
2.77
2.72
2.79
2.9
2.84
2.83
2.79
2.88
2.73
2.74
2.78
2.86
5.95
2.81
2.74
2.81
3.4
2.83
2.86
2.72
2.84
5.52
5.71
2.78
2.82
2.85
2.82
2.82
2.79
2.86
2.73
2.82
2.86
2.9
2.75
2.95
2.82
2.78
2.8
2.8
2.86
2.81
2.78
2.88
5.92
2.86
2.78
2.81
2.81
2.77
2.9
2.8
4.12
2.76
2.89
2.84
2.89
2.85
2.88
2.82
7.07
2.74
2.88
2.82
2.91
2.82
2.85
2.75
2.75
2.95
2.86
3.04
2.8
6.09
5.97
5.84
2.87
6.3
5.8
5.75
2.93
2.89
2.9
6.97
6.22
2.76
2.73
2.84
2.96
2.82
6.06
6.61
6.28
2.92
2.95
2.85
2.81
2.92
2.9
2.96
5.53
6.01
2.94
3.76
2.91
2.91
2.82
2.87
2.98
2.88
2.91
6.18
9.22
5.85
2.78
5.16
3.04
2.89
2.82
2.78
2.95
5.93
5.69
6.88
2.89
2.86
2.93
2.94
6.23
2.81
2.96
2.94
2.88
6.06
2.8
2.8
2.87
2.84
2.81
2.75
2.89
2.91
2.85
2.99
6.53
2.91
2.92
2.76
6.13
2.84
5.82
7.22
2.83
5.39
2.81
5.36
2.83
2.92
2.85
2.7
2.88
5.93
2.84
3.01
2.88
2.98
5.62
2.77
2.89
2.94
3.01
2.91
2.9
2.88
2.87
6.53
2.95
2.9
5.26
2.87
5.91
5.92
6.33
2.84
3.01
2.89
2.92
2.89
2.81
4.98
2.88
2.91
2.78
2.91
2.83
2.9
2.74
3.03
2.93
2.84
2.79
2.95
2.83
2.8
2.94
5.74
2.9
2.98
2.94
2.74
2.77
2.95
4.43
2.87
5.88
2.82
2.96
2.94
2.85
2.83
2.85
2.83
2.86
2.85
3.03
2.93
2.86
2.83
2.86
2.86
2.9
2.9
6.96
2.85
2.85
5.87
2.93
6.0
2.86
2.82
2.98
2.84
2.83
2.96
2.97
2.85
2.73
2.51
2.68
3.0
2.91
2.75
2.81
2.93
2.77
4.77
2.87
5.62
2.88
4.91
2.86
2.86
7.62
5.9
2.98
6.0
2.9
2.94
2.9
2.96
2.9
2.86
2.96
2.86
6.31
2.96
2.99
8.91
2.86
4.82
2.83
5.14
2.94
2.83
2.92
6.07
2.84
2.78
2.91
2.9
2.88
2.9
4.55
2.87
2.95
5.7
7.16
2.83
2.87
2.9
2.86
2.86
2.75
2.82
2.87
2.86
2.71
2.91
2.85
2.92
3.01
2.97
2.89
5.7
6.77
5.4
2.84
6.04
5.74
2.91
2.91
2.89
2.85
7.52
6.57
2.84
2.81
2.95
3.01
2.92
6.16
6.09
5.67
5.9
2.95
2.89
2.95
2.78
2.64
2.73
2.97
2.85
2.91
2.93
2.94
2.98
2.96
3.05
2.82
2.97
5.84
5.93
8.87
2.9
3.01
2.91
3.0
2.84
2.86
5.69
3.04
3.05
2.99
2.89
5.72
2.97
2.9
2.92
6.55
3.0
5.32
2.93
2.92
2.92
2.82
2.82
2.92
2.91
2.92
3.03
3.04
2.88
5.69
3.06
5.3
2.92
2.91
4.9
2.83
2.93
2.95
3.2
3.26
3.6
2.94
4.12
2.89
3.05
2.71
2.96
3.78
5.55
3.03
2.94
2.94
2.85
2.94
2.88
2.88
2.87
2.79
2.86
5.55
5.8
3.04
2.54
3.16
2.98
2.9
2.92
3.1
7.94
2.97
2.98
2.9
3.05
2.97
2.88
2.97
2.99
2.96
5.22
3.71
5.87
2.75
2.99
3.01
2.92
2.88
2.93
2.97
2.88
3.04
5.36
2.85
2.87
2.91
2.86
2.89
2.96
3.25
2.88
5.72
3.42
3.48
2.76
2.77
2.94
2.98
2.93
2.99
2.92
2.81
2.91
2.83
2.97
3.05
7.58
2.88
2.82
2.87
6.19
2.83
2.89
4.8
2.87
2.71
6.02
2.84
3.76
3.0
2.8
6.99
2.85
5.68
2.98
5.56
2.88
2.92
2.56
2.67
5.79
2.63
4.98
3.5
2.99
2.87
2.9
2.9
6.04
3.83
2.89
2.87
2.94
2.95
5.59
2.85
3.0
2.99
2.97
3.95
5.48
2.88
3.9
2.93
2.91
5.41
5.98
3.79
3.02
3.19
2.95
3.25
4.24
3.98
5.88
3.44
2.85
3.03
6.16
3.04
3.54
2.95
3.02
2.85
5.23
2.84
5.57
2.94
7.51
7.45
2.81
2.97
3.5
2.91
2.91
3.07
3.03
2.95
3.2
3.29
3.33
3.21
7.45
3.03
3.03
2.91
2.82
2.82
2.88
3.66
3.58
3.77
3.99
3.89
2.9
6.25
3.73
2.7
2.89
2.78
3.44
3.33
3.82
2.83
6.3
4.16
3.79
3.61
3.75
2.82
3.16
5.86
3.67
3.98
2.85
2.86
3.56
2.91
6.85
2.65
3.1
3.38
2.89
2.92
2.61
3.06
2.95
2.85
3.27
2.84
5.71
2.89
2.83
2.84
6.9
2.83
5.75
6.51
6.05
5.64
2.89
6.15
5.25
7.08
2.83
2.89
2.85
2.81
3.77
9.39
2.87
5.42
2.87
5.97
2.83
2.9
2.88
2.89
2.84
5.93
4.98
2.91
2.89
2.87
3.38
5.73
5.67
2.93
2.88
2.83
5.04
2.84
2.89
2.84
2.88
2.83
2.82
2.84
2.85
3.36
2.81
2.8
2.84
2.86
6.64
3.66
2.85
2.82
2.86
2.85
2.84
2.87
5.6
2.83
2.83
2.86
2.89
2.88
6.12
2.89
6.57
3.41
3.44
2.87
2.86
2.84
6.06
2.88
2.85
2.84
3.42
2.79
5.82
2.86
2.82
2.88
2.87
2.89
5.41
3.17
2.87
2.88
3.53
2.83
6.95
2.87
2.83
3.39
5.6
6.23
5.92
2.84
2.91
2.9
2.87
2.88
2.92
2.85
2.89
2.86
2.87
2.85
2.87
2.85
2.87
2.87
3.43
2.85
2.87
2.83
2.88
2.88
2.86
2.83
3.45
2.82
2.95
2.86
3.31
3.44
3.23
2.87
2.89
2.91
2.86
2.86
2.86
3.17
5.85
2.85
2.85
2.86
2.87
2.86
2.84
3.65
2.89
2.86
2.81
7.06
2.85
5.74
2.83
2.86
4.71
5.76
2.85
3.68
3.55
2.85
2.86
2.82
6.39
2.92
2.86
5.11
6.75
2.84
2.86
2.83
2.83
6.06
5.59
5.55
2.84
3.24
2.84
2.81
2.84
2.83
2.86
3.54
2.89
6.48
2.87
2.88
2.87
2.98
2.89
2.8
5.71
5.97
2.87
3.16
3.32
5.43
3.38
2.85
2.92
2.85
5.95
2.89
2.9
2.91
2.92
2.83
2.82
2.86
6.05
7.23
3.22
2.89
2.84
5.63
3.56
3.68
7.8
2.88
2.86
2.82
7.0
2.92
2.85
2.83
2.84
3.1
2.86
5.88
2.85
3.03
2.87
2.68
2.9
6.59
2.88
2.85
2.74
