3.58
3.66
3.64
3.71
3.84
6.94
7.87
3.79
3.96
3.7
7.54
3.54
3.52
3.8
3.71
4.06
4.96
4.78
7.41
7.53
3.79
7.43
7.4
7.43
7.39
7.47
7.37
7.38
3.25
3.56
3.6
3.78
6.52
3.76
4.22
3.31
4.63
6.65
2.79
5.45
6.27
3.3
3.35
3.88
5.48
6.66
3.56
3.58
3.39
3.24
3.9
3.66
3.47
7.29
3.25
6.86
3.33
3.45
7.19
3.74
3.12
3.6
3.71
7.23
7.01
6.19
3.63
3.38
3.49
6.93
3.74
3.24
3.54
3.63
3.6
3.96
3.82
6.48
7.57
7.41
7.39
3.65
3.51
3.46
3.52
3.62
3.62
7.36
7.34
7.12
3.57
3.75
3.11
5.01
6.43
3.57
3.68
6.47
4.2
7.06
5.49
3.71
7.19
7.12
3.86
7.37
7.19
3.4
3.51
7.23
3.49
3.65
3.63
7.4
7.61
4.43
3.57
3.56
3.6
3.76
3.63
6.8
3.79
3.72
3.77
6.5
7.35
7.17
3.43
3.39
7.12
3.64
3.56
7.36
3.82
5.1
3.72
3.81
3.58
7.38
3.96
3.88
3.81
7.54
3.92
3.59
7.16
3.51
6.76
6.93
5.73
3.77
3.7
7.05
3.68
6.79
5.9
3.67
7.48
4.43
3.61
3.64
7.24
3.71
7.27
3.54
2.66
7.68
3.5
3.82
3.76
2.94
3.24
7.08
3.71
7.43
4.69
3.04
5.55
2.9
3.8
3.66
6.58
3.34
3.46
3.22
3.55
3.73
3.85
3.51
7.06
3.39
6.78
3.1
5.12
3.54
3.46
3.68
3.59
6.99
7.04
6.68
3.5
3.75
3.68
7.05
3.96
3.39
3.51
3.63
4.7
3.66
3.57
6.62
5.92
7.67
7.59
7.25
3.75
3.78
6.45
3.48
3.54
3.14
3.57
3.61
3.5
3.32
7.55
3.64
6.64
3.19
7.28
3.67
3.36
3.72
3.74
7.24
7.19
6.5
3.58
3.71
3.47
7.11
3.67
3.28
3.38
3.82
3.25
3.79
3.5
6.57
7.61
7.54
7.52
3.47
3.45
3.54
6.99
4.63
3.76
3.29
3.5
5.38
3.61
4.73
4.14
6.48
4.68
4.98
3.96
3.83
3.58
3.37
3.4
3.27
4.0
3.83
3.62
3.4
3.42
3.29
4.53
5.17
3.51
4.69
4.67
4.69
4.1
3.61
7.48
6.6
6.8
6.55
3.72
3.64
3.73
3.72
7.07
3.4
6.87
3.09
3.43
6.85
3.71
3.55
3.64
3.39
3.52
3.84
3.61
4.31
3.71
6.93
3.48
3.74
3.48
3.21
3.86
3.68
3.43
7.51
3.79
6.94
3.44
7.29
3.92
3.49
3.55
3.74
7.1
7.08
6.3
3.65
3.4
3.48
6.98
3.49
3.4
3.37
3.65
3.5
3.94
3.8
4.69
5.86
6.5
7.53
7.36
7.31
4.15
3.29
7.39
3.68
4.16
6.71
3.26
3.12
3.37
3.03
3.35
5.04
3.32
4.45
4.51
3.21
4.17
3.33
3.37
4.63
7.06
5.11
6.81
4.99
4.47
2.84
4.86
7.09
3.96
5.13
3.76
3.44
6.21
4.39
6.54
6.44
3.75
7.13
4.01
3.76
3.61
3.58
4.99
5.71
5.12
3.18
6.55
5.01
3.19
3.25
6.87
3.5
3.26
3.96
4.22
3.95
5.02
4.0
3.44
3.78
3.49
5.47
3.28
3.64
7.28
3.8
3.39
3.82
7.09
3.34
3.59
3.3
4.1
4.45
3.3
3.93
3.45
3.46
3.78
3.74
3.92
7.42
7.55
7.38
3.76
3.75
7.47
5.83
3.84
3.89
4.79
7.14
6.07
3.78
5.05
7.02
3.77
3.54
4.4
3.38
6.74
7.61
7.45
6.94
3.65
7.1
3.73
3.62
7.21
3.8
8.25
3.44
3.62
7.31
3.38
3.43
3.78
3.35
3.82
3.77
7.23
3.63
3.91
3.76
7.63
3.58
3.77
7.41
3.69
3.17
4.24
7.21
7.23
3.89
7.21
4.16
3.51
7.29
7.12
3.6
3.97
3.68
3.64
4.0
3.55
5.9
4.39
3.5
3.56
3.55
4.01
9.27
3.56
3.97
3.44
3.86
4.92
6.98
3.65
7.02
6.79
7.51
3.65
7.0
4.53
3.44
3.42
7.15
5.3
3.77
7.39
3.57
7.36
3.49
3.64
6.11
4.02
3.54
3.36
3.52
6.87
7.06
3.69
3.9
4.16
3.58
3.7
3.54
3.81
7.23
3.57
5.96
3.64
3.54
3.59
3.69
3.32
3.8
3.65
5.88
5.62
4.26
3.61
3.6
3.58
4.43
3.58
3.54
3.62
7.54
3.54
3.59
3.92
5.76
4.0
7.79
3.72
7.25
5.16
3.59
3.59
3.58
5.51
6.06
3.71
7.41
6.32
3.65
3.67
6.5
3.43
3.48
3.69
4.31
3.51
3.67
3.5
3.55
3.47
3.51
3.58
7.51
3.45
3.68
5.88
3.78
6.28
4.63
3.53
3.32
6.86
8.23
4.38
3.85
7.5
3.76
3.94
4.83
3.38
5.71
3.67
4.05
3.3
3.59
4.71
3.84
4.07
3.4
4.78
3.74
3.92
4.92
3.9
3.21
3.4
3.49
5.03
3.03
3.55
4.22
3.7
3.86
3.49
7.7
6.26
4.37
7.7
3.71
3.2
5.97
3.94
7.62
3.73
4.25
4.66
3.97
4.0
3.66
3.06
7.68
3.29
6.87
6.62
6.5
3.01
7.46
8.2
7.58
3.18
4.16
3.84
3.87
3.56
3.75
4.77
3.65
3.86
3.7
5.35
3.38
7.45
7.56
4.01
3.8
3.74
3.41
3.63
4.53
7.37
6.81
3.72
3.5
3.75
3.73
3.86
4.38
4.94
6.89
5.14
4.28
4.68
3.47
3.83
7.86
3.4
3.95
6.87
4.05
4.24
7.03
4.61
4.01
3.41
7.42
5.68
3.89
3.83
4.38
6.44
3.76
6.87
3.8
3.42
6.88
7.32
3.78
3.69
3.81
7.12
3.65
7.85
3.44
4.24
3.82
3.92
7.23
5.72
3.61
3.77
3.91
4.06
5.17
5.91
3.69
4.4
3.75
6.92
4.71
6.18
5.23
6.79
7.69
7.07
3.58
3.51
4.1
3.64
6.87
4.22
7.46
4.3
3.85
6.71
6.85
3.62
3.04
4.22
6.54
7.43
3.99
3.27
7.49
7.64
3.66
2.94
5.04
4.45
3.76
3.48
3.32
5.94
6.16
4.83
3.6
5.48
3.62
3.6
3.75
3.83
3.8
5.28
4.86
6.7
4.1
4.64
3.86
4.58
6.47
7.33
2.99
6.41
6.99
3.47
3.63
7.13
6.47
3.45
3.74
7.42
5.75
3.97
3.96
3.73
6.82
3.43
3.65
3.45
3.73
3.73
6.32
4.79
3.3
2.95
6.59
4.16
3.11
5.56
3.14
3.55
3.81
3.18
4.6
8.01
4.39
3.45
3.57
3.71
6.6
3.12
2.97
2.92
3.05
3.59
3.05
4.69
4.26
5.76
3.98
4.54
3.31
5.24
3.52
3.44
4.19
4.07
3.49
3.04
3.01
3.14
3.53
5.71
2.97
3.62
7.18
6.5
6.53
7.21
3.32
3.3
3.63
3.64
3.53
3.35
3.27
3.32
3.17
6.78
4.28
4.14
6.68
6.37
3.49
3.45
3.52
3.8
3.85
3.99
3.82
3.79
7.27
3.55
3.64
3.78
3.77
7.14
3.64
3.9
3.71
3.83
3.51
3.5
3.8
3.68
3.49
3.63
3.8
3.34
3.7
3.24
5.07
3.56
3.54
5.54
3.38
3.73
3.76
5.7
3.73
3.56
5.78
3.9
3.79
3.56
3.45
3.29
5.45
2.97
3.02
3.64
4.1
3.65
3.84
3.84
4.66
6.93
4.74
5.07
4.76
4.88
3.73
3.67
3.59
3.65
7.16
6.5
3.72
3.72
3.29
3.49
3.88
3.66
4.01
7.68
3.81
6.56
3.64
3.31
7.17
3.63
3.27
3.9
3.59
7.48
6.96
6.04
3.65
3.35
3.46
7.02
3.84
3.32
3.26
3.63
3.25
3.61
3.53
5.99
7.81
7.28
7.27
3.77
4.24
3.6
3.55
3.93
3.83
3.09
3.76
3.73
3.66
6.31
7.0
6.32
7.01
3.4
7.79
3.43
3.88
3.05
4.55
3.79
7.23
7.01
3.37
3.59
3.3
6.77
7.07
3.64
3.39
3.37
3.39
3.26
7.14
6.19
4.67
3.93
6.71
3.43
3.47
3.64
7.2
3.41
3.63
4.26
4.09
7.06
4.14
3.42
7.02
5.02
2.99
3.62
3.51
3.21
3.99
3.72
6.53
6.94
3.3
3.17
7.58
3.37
3.65
2.96
7.12
5.46
6.61
3.89
3.64
3.33
3.57
3.17
3.2
3.87
3.86
3.86
4.21
5.87
6.67
7.28
7.22
3.7
3.14
3.85
7.12
3.76
6.73
3.61
3.18
6.17
4.49
3.73
4.12
4.24
3.33
3.66
3.4
3.72
3.65
3.74
3.62
7.71
3.02
3.47
7.08
3.47
3.37
3.58
8.09
3.79
3.36
3.38
3.54
7.92
7.57
6.68
3.57
3.79
3.03
7.28
3.8
4.83
3.24
3.15
3.65
3.81
3.33
3.43
6.71
6.39
7.38
7.27
7.58
3.74
3.73
3.94
3.74
3.46
4.91
3.82
5.17
4.62
7.78
3.73
3.61
3.49
6.78
3.78
3.76
3.95
3.87
7.45
3.23
3.62
4.77
7.14
3.42
7.6
4.0
3.96
5.05
7.15
3.47
3.48
3.76
3.37
4.14
3.7
3.73
3.61
3.71
3.76
3.8
3.95
6.75
4.08
3.6
3.56
7.41
3.23
5.88
3.83
3.52
5.15
7.57
3.34
3.44
3.24
3.74
3.66
3.81
4.31
2.97
3.48
3.1
7.8
3.43
6.29
3.23
3.58
3.62
3.04
3.31
4.36
7.66
8.88
6.4
3.37
3.76
3.26
7.04
4.2
3.38
3.15
3.69
3.2
3.28
3.37
6.7
7.55
3.17
3.45
4.88
3.36
3.31
4.23
6.9
3.24
7.37
7.54
3.7
7.62
3.72
3.9
7.46
3.76
3.74
3.23
3.43
3.21
7.07
6.2
3.77
3.5
4.08
3.36
3.63
6.81
3.51
3.59
6.12
7.59
4.71
2.81
3.55
7.33
5.42
7.31
3.53
3.23
3.25
3.48
3.94
7.07
3.64
7.43
3.57
3.64
6.4
5.53
6.63
3.76
3.76
3.3
4.09
3.69
3.25
3.71
5.4
6.52
7.26
7.44
7.11
3.15
4.06
3.66
3.52
3.92
7.02
3.72
3.28
6.63
3.98
4.05
3.8
4.31
2.63
3.66
3.21
7.65
3.59
7.04
3.36
3.72
7.91
3.39
2.94
3.61
3.49
7.03
6.69
3.29
3.39
3.3
7.24
3.74
4.67
3.36
3.34
3.93
3.84
3.49
3.11
4.74
6.47
7.82
7.9
3.39
3.41
4.3
3.17
3.32
4.24
7.16
3.3
7.15
7.42
3.98
7.48
3.87
3.92
7.08
4.04
3.63
3.64
3.31
3.33
6.78
6.3
3.79
3.05
5.48
4.64
3.32
3.52
6.49
3.03
3.58
6.63
5.86
6.72
7.3
5.01
3.09
3.21
7.36
5.24
7.1
3.53
3.37
3.36
3.86
3.07
7.11
3.57
7.34
3.59
3.27
5.85
4.8
3.51
4.0
3.43
4.06
3.88
3.82
3.38
5.81
6.62
7.16
7.75
3.56
3.35
5.71
3.27
3.92
3.51
7.06
4.1
3.42
3.51
3.95
6.88
3.98
3.78
3.69
3.57
3.63
3.78
3.72
3.71
6.14
3.72
3.6
3.76
3.54
3.7
3.67
3.75
3.58
7.16
6.52
3.71
3.75
3.79
5.17
3.7
7.44
3.76
3.74
3.7
3.61
3.72
3.62
3.62
7.38
3.78
6.63
7.11
7.68
3.82
7.33
6.65
7.14
7.03
7.05
3.69
3.72
3.67
3.9
3.62
3.61
3.72
3.77
3.81
3.5
4.36
7.25
7.12
3.75
3.73
7.6
3.81
3.69
3.81
3.66
7.1
6.7
3.74
3.72
3.76
3.59
3.63
3.75
3.62
3.69
6.8
3.74
3.63
3.78
3.68
3.75
7.56
3.65
3.7
7.25
4.48
3.62
3.58
3.58
7.35
5.48
5.17
3.66
3.69
3.57
3.52
3.78
3.63
3.58
3.75
3.65
6.9
7.05
3.72
7.85
3.66
3.67
3.6
3.61
3.68
3.78
3.59
3.76
7.67
5.66
4.48
3.68
3.56
3.84
3.59
3.73
3.62
3.78
3.46
3.76
3.68
3.72
3.85
5.83
6.41
7.31
7.34
3.75
3.6
3.73
7.35
3.6
3.69
6.79
3.77
3.58
3.77
3.57
3.55
3.64
3.78
3.74
3.72
6.13
3.73
3.6
3.74
3.56
3.7
3.66
3.74
3.57
7.17
6.51
3.72
3.75
3.81
5.18
3.71
7.43
3.76
3.75
3.71
3.61
3.73
3.61
3.62
7.38
3.77
6.64
7.1
7.68
3.81
7.32
6.63
7.14
7.04
7.05
3.71
3.73
3.65
3.91
3.64
3.6
3.72
3.77
3.82
3.5
4.43
7.21
7.12
3.56
3.56
7.57
3.79
3.68
3.82
3.66
7.11
6.69
3.75
3.75
3.75
3.57
3.61
3.75
3.6
3.7
6.8
3.73
3.65
3.77
3.69
3.71
7.56
3.69
3.7
7.26
4.46
3.63
3.57
3.58
7.36
5.46
5.18
3.63
3.69
3.56
3.52
3.77
3.65
3.58
3.77
3.66
6.89
7.06
3.71
7.86
3.67
3.65
3.6
3.59
3.69
3.77
3.6
3.75
7.69
5.65
3.67
3.83
3.79
3.75
3.62
3.59
4.09
3.67
3.58
3.76
3.66
3.7
3.85
5.81
6.4
7.32
7.31
3.76
3.57
3.71
7.37
3.6
3.69
6.81
3.76
3.58
3.34
3.5
3.65
3.22
3.2
3.7
3.58
7.25
3.4
3.82
7.8
3.46
3.14
3.7
3.24
7.21
7.36
3.37
4.14
3.46
7.65
3.97
3.23
3.0
4.64
4.29
3.8
3.7
3.97
5.58
6.79
7.17
3.58
3.54
4.84
3.31
3.65
4.67
5.45
6.93
3.54
7.34
7.3
3.53
7.38
3.31
3.7
7.18
3.79
3.65
4.33
3.21
3.5
3.84
7.22
6.12
3.9
3.57
6.05
3.45
3.26
3.91
7.18
3.15
4.16
7.0
4.62
3.46
3.52
7.18
5.4
7.17
3.45
3.32
3.99
3.67
7.11
3.56
7.51
3.58
3.59
7.54
5.34
6.68
3.62
3.58
4.01
4.93
5.46
5.21
3.99
3.65
5.9
7.49
7.85
7.92
3.49
3.39
5.6
3.35
3.23
3.94
7.43
3.6
6.72
4.1
3.39
3.46
3.61
3.24
3.18
3.73
3.57
7.29
3.33
3.79
7.89
3.38
3.75
3.64
3.4
7.28
7.51
3.37
4.16
3.25
3.44
7.56
4.06
3.27
2.92
4.69
4.1
3.82
3.65
3.97
5.61
6.86
6.85
7.11
3.91
3.36
4.54
6.09
5.78
3.69
3.32
3.64
4.68
6.94
3.56
7.34
7.31
3.52
7.37
3.29
3.71
7.19
3.81
3.66
4.32
3.29
3.48
3.85
7.22
6.13
3.9
3.6
6.03
3.45
3.29
3.91
7.17
3.14
4.16
7.01
4.6
3.45
3.53
7.16
5.41
7.17
3.45
3.33
3.98
3.68
7.14
3.58
7.51
3.6
3.59
7.55
5.35
4.23
6.7
3.63
3.54
4.01
4.93
5.46
5.17
3.99
3.65
5.88
7.49
7.86
7.93
3.5
3.38
5.62
3.36
3.22
3.94
7.42
3.59
6.73
4.12
3.65
3.78
3.25
4.04
4.68
3.55
3.97
7.54
3.7
6.69
3.22
4.0
8.17
3.54
3.86
3.95
3.64
7.41
7.76
6.37
3.26
3.78
4.13
7.71
3.56
3.44
3.24
4.0
4.02
3.69
3.41
4.78
6.35
4.87
7.26
6.81
7.31
3.5
3.44
3.3
3.45
7.14
3.49
7.49
7.57
3.84
7.42
3.63
3.86
7.1
3.7
3.59
3.66
3.79
3.17
7.15
6.04
3.87
3.4
5.67
4.62
3.54
3.48
7.33
4.07
4.25
7.35
4.68
3.65
3.51
6.91
5.66
7.0
3.4
3.56
3.41
3.77
3.51
6.91
3.44
3.61
6.97
3.48
3.61
7.22
5.4
4.31
6.85
3.46
3.52
3.26
3.21
3.84
3.49
5.7
6.69
7.15
7.46
3.51
3.32
7.22
3.76
3.48
4.08
7.34
3.68
6.69
3.96
3.65
3.78
3.25
4.04
4.68
3.54
3.98
7.54
3.69
6.67
3.22
4.0
8.18
3.55
3.86
3.95
3.65
7.4
7.77
6.37
3.25
3.78
4.15
7.72
3.56
3.43
3.23
4.01
4.02
3.7
3.42
4.78
6.36
4.87
7.26
6.97
7.31
3.5
3.46
3.31
3.47
7.13
3.52
7.5
7.58
3.84
7.4
3.62
3.86
7.13
3.71
3.6
3.66
3.79
3.17
7.14
6.02
3.87
3.4
5.66
4.61
3.55
3.5
7.33
4.08
4.26
7.37
4.67
3.63
3.51
6.89
5.66
7.02
3.42
3.55
3.41
3.77
3.53
6.91
3.43
3.62
6.97
3.47
3.62
7.21
5.41
4.28
6.85
3.47
3.51
3.27
3.21
3.85
3.47
5.69
6.67
7.14
7.46
3.49
3.33
7.21
3.74
3.47
4.08
7.34
3.68
6.7
3.97
3.29
3.3
7.35
3.37
7.11
7.28
4.12
7.4
3.56
3.98
7.15
3.65
3.59
3.42
3.67
3.77
7.32
6.34
4.05
3.22
6.2
4.87
3.48
3.49
7.4
4.75
7.74
4.95
7.37
4.61
3.66
3.67
7.28
5.15
7.13
4.39
3.66
3.03
3.24
2.94
4.76
3.82
7.24
3.55
7.36
2.98
3.87
7.26
5.42
6.83
3.55
3.57
3.96
4.93
4.71
3.31
3.49
3.62
5.84
7.2
7.62
7.19
7.23
3.34
3.72
7.52
5.7
3.54
3.41
3.02
3.91
4.08
6.78
3.83
3.69
3.37
4.86
3.45
3.28
7.9
3.99
7.1
3.4
3.88
7.96
3.61
3.49
3.57
3.62
7.91
6.92
3.49
3.2
3.65
7.17
3.83
3.25
3.06
3.91
4.9
3.49
3.38
3.16
6.11
6.81
7.84
7.59
3.21
3.47
4.81
6.45
3.37
4.98
4.64
4.31
6.41
3.44
3.79
3.68
3.86
3.54
3.57
3.48
7.16
3.59
3.57
7.69
3.69
3.58
3.44
3.54
7.3
7.32
3.75
3.5
3.55
7.05
3.78
3.26
3.18
3.78
3.51
4.52
3.4
3.53
6.72
7.66
7.18
3.51
3.78
4.62
6.79
6.8
6.76
2.79
2.9
7.04
3.33
3.71
5.05
4.44
7.56
3.54
7.04
7.04
3.91
3.73
7.34
3.43
3.47
6.86
3.65
3.52
3.46
3.67
3.53
7.11
6.06
3.88
3.21
6.05
3.58
3.42
3.45
7.22
3.27
6.12
7.92
4.6
3.72
3.49
7.32
5.11
7.02
3.32
3.44
3.37
3.9
7.31
3.57
3.57
3.6
7.38
5.83
6.67
5.75
3.42
3.51
3.52
4.3
6.79
3.82
3.52
3.75
5.82
6.12
7.77
7.78
3.47
3.48
5.42
3.66
3.54
3.38
7.27
3.93
4.04
6.42
3.48
3.78
3.73
3.54
3.57
3.57
7.91
3.86
3.55
7.4
3.54
3.48
8.08
3.43
3.49
3.65
3.63
7.1
7.14
3.84
3.75
3.39
7.26
3.95
3.3
3.47
3.97
4.42
3.34
3.57
5.07
6.54
7.81
7.62
3.76
3.58
4.6
5.82
4.77
7.31
5.9
2.79
2.9
7.04
3.42
3.75
4.68
7.31
3.47
7.1
7.23
3.58
5.5
3.85
7.36
3.55
3.72
7.23
3.47
3.56
3.51
3.77
3.24
7.03
6.02
3.87
3.67
6.34
3.55
3.25
4.07
7.31
3.49
6.71
7.7
4.44
3.43
3.66
7.33
5.54
7.32
3.55
3.34
3.31
3.95
6.94
3.99
7.37
3.46
3.92
7.34
6.05
6.78
6.43
3.77
3.51
3.46
4.27
6.61
4.1
3.44
3.7
5.87
6.25
6.93
7.65
7.47
3.62
3.53
3.64
3.8
3.71
7.43
4.18
3.84
3.61
3.68
3.43
3.93
3.73
6.57
3.69
3.37
3.54
4.37
3.25
3.66
2.86
7.56
3.45
7.19
2.89
3.47
7.09
3.54
3.61
6.09
3.33
3.27
7.38
8.82
7.1
3.72
3.46
3.38
7.32
3.74
3.43
3.62
3.92
3.3
3.68
3.62
6.79
7.62
7.78
7.76
3.61
3.58
4.56
4.28
3.64
2.93
3.71
4.15
3.74
2.8
3.8
4.95
4.95
3.62
3.72
4.31
7.88
3.13
7.11
7.31
3.12
7.36
3.55
3.53
7.06
3.39
3.72
3.83
3.48
3.46
7.16
6.27
3.65
3.42
5.81
6.58
3.66
3.85
7.03
3.19
4.11
5.37
7.18
4.48
3.71
3.63
7.35
5.5
7.19
3.24
3.13
3.24
3.89
3.43
7.14
3.76
7.42
3.64
3.25
6.43
4.48
3.36
3.53
4.08
5.44
3.52
3.67
3.85
5.57
6.66
7.6
3.51
3.29
5.95
3.65
3.32
3.45
7.16
4.14
3.89
3.16
3.9
3.48
3.45
3.78
3.38
3.04
4.07
7.11
3.3
3.45
3.68
3.36
3.48
3.7
7.38
7.76
3.6
3.97
3.15
7.08
3.98
4.67
3.52
3.05
3.52
4.14
3.23
3.79
5.15
6.27
5.3
6.45
7.5
7.78
3.14
3.71
3.22
3.92
4.1
2.94
4.39
2.88
2.99
3.65
2.81
3.49
4.62
3.19
8.21
3.02
3.53
7.26
3.28
7.03
7.46
3.41
7.11
3.35
3.63
7.06
3.84
3.38
3.82
3.34
3.34
7.34
6.35
3.94
3.72
7.23
5.94
4.47
3.33
3.7
7.06
4.16
7.24
4.45
3.38
3.87
7.24
5.6
7.07
3.17
3.18
3.74
3.26
3.7
7.03
3.51
7.37
3.36
3.6
7.48
6.76
3.57
3.74
3.51
6.59
3.23
4.75
3.08
4.04
7.16
7.42
7.87
3.7
3.53
7.44
3.45
3.4
3.59
3.77
4.05
3.4
3.2
3.35
3.24
3.24
3.81
3.84
3.48
3.33
3.58
3.69
3.36
7.7
3.51
6.71
3.42
3.57
7.75
3.82
3.13
3.5
3.72
8.09
7.33
6.62
3.57
3.59
3.43
7.42
3.68
3.08
3.32
3.72
3.39
3.41
3.53
3.87
6.83
7.99
4.09
3.39
5.91
7.06
7.24
3.7
3.71
7.24
3.54
7.24
7.15
4.03
3.72
7.11
3.8
3.99
7.2
3.75
3.51
3.87
3.7
3.62
7.37
6.31
3.7
3.86
6.99
3.52
3.76
3.82
7.17
3.33
3.95
7.11
5.88
6.68
4.58
3.67
3.77
7.09
5.03
6.91
3.41
3.66
3.41
3.34
3.8
7.1
4.21
7.51
3.77
3.47
7.15
5.59
6.25
3.56
3.72
2.9
4.0
4.34
3.65
3.49
3.42
5.82
6.81
7.27
7.44
7.04
7.49
3.59
3.58
7.59
6.84
3.79
3.63
3.67
7.28
4.28
3.71
3.58
3.6
3.37
2.81
3.72
3.58
6.96
3.69
6.58
3.38
3.55
7.59
3.47
3.62
3.87
3.8
7.06
7.1
3.54
3.6
3.54
7.46
3.98
3.46
3.67
3.77
3.77
3.62
3.92
6.55
6.42
6.51
5.5
7.3
7.17
7.19
3.67
3.68
3.4
3.55
4.69
6.98
3.29
7.1
7.3
3.85
7.35
3.6
3.66
7.34
3.94
3.6
3.5
3.52
3.66
7.17
6.33
3.77
3.92
7.05
3.34
3.81
3.93
7.14
4.53
4.6
6.76
4.68
3.64
3.65
7.28
5.2
6.9
3.37
3.51
3.55
3.83
3.73
6.98
3.81
7.5
3.5
3.86
7.2
5.53
6.28
3.54
3.59
3.65
4.63
5.77
4.08
3.28
3.55
5.69
6.67
7.24
7.53
7.18
3.57
3.69
7.62
6.73
3.61
3.34
3.42
3.53
3.84
3.56
3.46
2.96
3.33
3.5
3.48
3.52
6.79
3.73
6.69
3.52
3.49
7.7
3.8
3.25
3.61
3.64
7.43
7.02
3.63
3.46
3.69
7.35
3.75
3.66
3.43
3.94
3.13
3.28
3.48
5.73
6.8
6.29
5.1
7.4
6.95
7.31
3.5
3.65
3.6
7.07
3.49
7.17
4.7
7.03
3.47
4.9
6.96
7.18
3.66
5.38
6.72
4.36
3.86
3.74
3.76
7.33
6.59
6.39
3.67
7.33
3.67
7.17
6.84
6.62
3.54
4.67
3.95
3.63
3.5
3.51
3.31
3.81
3.7
6.92
6.05
3.59
3.68
4.07
7.14
3.27
3.53
4.76
3.99
5.54
3.56
3.62
3.67
3.61
3.8
3.89
2.87
3.63
3.23
5.91
3.71
3.58
4.01
3.54
3.55
6.63
3.24
3.41
3.87
4.5
3.62
3.88
3.39
3.45
3.65
7.07
7.02
3.68
6.86
3.85
3.48
5.78
3.42
7.0
3.62
3.39
3.6
3.41
3.37
4.54
4.51
3.58
7.33
3.59
7.13
6.58
7.1
3.42
7.36
7.62
7.09
7.45
3.77
3.43
3.72
3.71
3.58
3.65
3.59
3.2
4.47
3.73
3.6
4.0
3.55
3.52
6.66
3.24
3.41
3.85
4.49
3.61
3.88
3.39
3.46
3.63
7.06
7.03
3.67
3.86
3.47
5.77
3.44
7.08
3.63
3.4
3.59
3.36
3.37
4.53
4.51
3.58
7.31
3.6
7.12
6.6
7.1
3.44
7.36
7.64
7.09
7.45
3.79
3.44
3.71
3.71
3.58
3.65
3.68
3.81
3.86
3.67
7.19
7.5
4.21
3.09
7.03
3.8
3.45
3.67
3.86
7.06
7.06
3.55
3.77
3.69
4.03
3.47
3.98
3.7
5.17
7.26
3.49
4.52
3.45
3.64
7.05
3.66
3.75
4.36
3.72
7.05
3.85
3.68
7.02
4.6
3.72
3.54
3.71
7.4
5.18
6.01
3.78
3.46
3.83
3.6
3.87
3.83
3.71
3.4
3.52
6.87
7.32
3.48
7.15
3.38
3.64
3.49
3.45
7.17
3.58
3.96
3.69
3.29
7.3
5.38
5.75
3.49
3.81
3.92
4.1
3.38
3.43
4.33
4.11
3.59
3.61
3.69
3.59
7.66
7.41
6.88
3.6
3.7
7.42
3.42
3.6
6.82
3.74
3.62
3.68
3.83
3.86
3.61
7.09
6.99
4.18
3.08
7.18
3.77
3.26
3.67
3.62
7.09
7.14
3.56
3.62
3.59
3.6
3.74
3.87
3.68
4.91
7.04
3.48
4.52
3.45
3.65
7.14
3.67
3.74
3.68
3.72
7.02
3.55
3.66
6.95
4.58
3.57
3.68
3.68
7.09
4.99
5.92
5.51
3.59
3.46
3.83
3.61
3.88
3.79
3.7
3.4
3.51
6.2
7.05
3.65
7.12
3.38
3.63
3.55
3.58
7.44
3.57
3.95
3.67
3.29
7.27
5.38
5.7
3.73
3.7
7.68
3.72
4.23
3.38
3.38
3.83
4.11
3.6
3.52
3.69
3.59
7.23
5.54
7.34
6.81
3.6
3.7
7.12
3.6
3.58
7.08
3.74
3.39
4.09
4.09
3.6
3.67
3.79
5.42
3.58
3.61
3.6
3.27
3.55
4.44
3.35
3.05
4.18
4.31
3.64
3.53
7.06
3.96
2.94
4.14
5.72
3.97
4.67
3.28
4.65
3.38
6.75
3.38
3.67
7.03
3.67
3.7
4.35
6.97
3.5
4.0
3.48
7.01
4.16
6.82
6.99
7.49
6.96
3.48
4.48
4.05
4.02
3.51
7.4
3.75
3.32
3.16
7.28
7.0
3.53
4.48
4.01
6.93
3.74
3.07
4.71
3.63
4.22
4.57
3.47
4.33
3.58
3.76
4.05
3.87
7.62
5.86
3.58
3.79
3.75
3.71
4.58
7.11
4.27
4.05
7.31
7.7
7.41
4.12
3.77
3.51
7.49
5.01
7.58
3.28
3.78
3.33
3.92
3.48
3.73
3.65
3.67
7.25
3.85
7.23
7.19
3.87
3.84
3.56
5.05
7.13
3.64
3.88
3.64
3.52
7.45
3.78
5.95
3.82
3.73
3.48
3.67
4.55
4.41
7.15
4.01
3.99
6.17
4.66
3.79
3.38
4.06
4.55
3.41
4.07
3.69
7.63
3.59
3.62
3.59
3.97
4.17
3.5
3.91
3.22
7.18
3.72
4.34
3.63
3.65
7.2
4.03
3.87
3.24
6.74
7.14
7.37
5.87
9.74
7.38
5.67
5.2
4.99
3.1
7.28
7.42
5.56
7.4
3.92
3.7
7.48
4.1
7.66
3.77
4.14
4.24
6.13
3.85
3.69
4.02
3.62
4.02
4.17
7.33
6.16
3.56
3.93
3.55
5.06
7.12
4.39
5.12
6.35
8.3
3.68
7.91
7.02
4.57
4.15
7.42
5.39
7.2
7.18
3.79
6.63
3.83
4.09
3.79
3.76
4.03
4.37
4.2
3.78
3.84
3.99
7.16
7.11
4.04
4.32
6.36
3.58
3.99
3.92
3.8
7.4
3.92
5.76
3.72
3.64
3.87
3.62
5.32
3.79
5.96
5.56
3.93
3.91
3.6
3.7
7.06
4.42
3.73
3.96
3.97
7.76
3.73
4.28
3.78
3.82
4.39
7.22
3.76
7.33
7.06
4.19
7.53
3.74
7.05
3.77
3.87
4.69
4.33
3.96
6.95
5.3
6.2
3.63
3.72
4.02
4.18
3.59
3.32
3.42
4.3
6.5
7.5
3.65
3.41
3.68
3.65
7.43
3.75
3.9
3.74
6.15
4.94
3.77
6.49
4.62
3.65
4.98
3.62
3.59
7.29
5.95
7.49
3.55
3.53
3.5
3.63
3.7
3.8
4.2
4.13
3.73
5.47
3.05
3.05
3.59
4.12
4.39
3.36
3.37
4.02
3.43
5.42
3.29
5.28
3.89
3.95
3.85
4.09
7.15
7.38
7.41
3.82
3.83
7.34
4.37
3.7
4.26
4.76
7.12
6.22
3.99
4.77
7.02
3.98
3.92
4.79
3.52
3.31
6.5
7.35
7.09
6.88
3.67
7.08
3.71
3.81
7.06
3.58
7.66
3.74
3.59
7.45
4.3
4.02
3.9
3.72
3.8
4.31
7.17
4.0
4.16
6.11
3.79
7.56
3.73
3.73
7.57
3.7
3.84
3.64
3.8
3.66
3.79
3.8
3.74
6.83
3.99
3.78
7.03
7.72
4.18
6.45
3.61
6.98
7.57
3.41
3.6
6.64
4.18
3.67
7.17
3.6
6.68
6.16
3.78
3.77
3.97
7.22
3.43
3.44
3.49
3.79
3.94
2.9
3.49
3.65
6.31
3.79
3.41
3.09
3.66
3.31
3.68
3.47
7.46
7.32
3.74
7.26
3.53
3.68
3.59
7.34
3.78
3.54
3.49
3.86
3.46
2.97
3.48
3.01
3.37
7.52
3.46
7.34
5.14
6.15
3.31
5.12
2.93
3.29
3.67
3.43
7.32
7.4
7.57
3.54
3.42
2.94
5.36
7.47
3.52
7.32
6.61
3.21
6.79
7.18
3.66
7.35
4.36
6.94
7.04
3.68
3.45
4.27
3.56
3.4
3.38
3.12
3.78
3.43
3.65
4.01
3.25
4.11
3.66
4.55
6.35
3.26
5.88
7.19
3.1
6.95
4.55
3.46
4.12
6.88
4.88
7.19
3.33
3.38
7.6
5.9
7.36
3.55
6.68
3.46
4.2
3.31
3.39
3.61
6.54
6.59
3.36
3.06
5.44
3.83
3.6
3.64
5.41
3.27
6.33
6.59
3.99
3.23
3.44
3.48
3.28
5.46
5.91
3.48
6.63
3.8
3.12
3.47
7.39
3.2
2.8
6.58
5.84
4.27
6.96
3.29
3.29
3.51
3.81
6.52
3.38
6.87
4.84
7.72
3.45
3.77
5.19
3.74
7.2
4.91
4.23
5.09
4.86
3.77
3.78
3.57
3.27
3.65
3.85
3.75
3.79
3.72
4.14
3.9
3.57
3.97
3.21
3.88
3.63
3.47
3.42
7.83
3.44
6.82
3.38
3.82
7.95
3.58
3.45
3.9
3.51
7.66
9.17
3.45
4.1
3.46
7.39
4.02
3.73
3.33
3.97
3.29
3.32
3.37
5.17
6.63
8.06
7.89
3.62
3.65
3.25
3.36
7.25
3.65
7.0
7.19
3.55
7.79
3.76
4.02
7.35
3.53
3.72
3.57
3.6
3.35
6.96
6.03
3.79
3.26
3.83
3.37
3.73
6.97
3.55
4.09
6.43
7.49
4.57
3.23
3.75
7.48
5.49
7.23
3.51
3.44
3.53
3.38
3.76
6.86
3.81
7.4
3.51
3.91
6.55
6.82
3.68
3.59
3.01
4.49
3.92
3.46
4.24
5.7
6.72
7.08
7.58
3.53
3.69
3.73
3.12
4.14
7.26
4.03
4.24
3.42
3.8
3.23
4.13
3.4
3.59
3.27
3.54
6.55
3.28
3.78
7.77
3.24
3.31
3.85
3.77
7.29
3.63
3.62
3.51
7.13
3.79
4.81
3.15
3.36
3.96
3.57
3.36
3.43
4.9
6.55
7.74
3.79
3.58
3.49
3.58
4.46
7.24
3.5
7.1
7.32
3.74
7.86
3.88
3.86
7.2
3.63
3.7
3.93
3.64
3.32
7.19
6.27
3.86
3.17
5.65
4.05
3.66
3.54
6.69
3.33
3.82
5.7
7.05
4.53
4.04
3.61
7.39
5.69
6.69
3.28
3.27
3.36
3.47
3.71
6.62
3.71
7.54
3.58
3.51
6.22
5.84
7.15
3.39
3.54
3.32
3.7
3.95
3.44
3.66
6.58
6.79
7.48
3.63
3.41
5.66
3.85
3.67
3.56
7.15
4.06
4.18
7.14
3.83
3.65
3.42
3.32
3.44
3.58
3.4
7.66
3.78
6.81
3.47
3.72
7.75
3.87
3.25
3.4
3.57
7.96
7.45
6.53
3.53
3.75
3.37
7.33
3.69
3.31
3.36
3.67
3.16
3.66
3.59
6.67
7.79
7.38
3.92
3.41
4.66
3.78
3.69
3.38
3.33
3.55
3.58
3.33
7.55
3.89
6.76
3.35
3.61
8.05
3.75
3.14
3.34
3.58
8.03
7.22
6.34
3.74
3.59
3.25
7.14
3.79
3.38
3.33
3.51
3.1
3.48
3.66
6.54
7.93
7.48
3.69
3.31
4.29
3.35
3.69
5.14
5.17
3.88
4.47
3.45
7.47
6.82
7.45
3.77
3.64
7.87
7.49
3.63
3.73
4.59
3.74
3.82
3.87
3.92
3.93
3.79
3.79
3.76
3.81
4.29
4.0
3.8
7.53
6.11
6.44
3.83
7.39
4.34
7.67
6.99
4.77
3.72
3.86
7.53
3.9
3.62
7.4
3.95
4.35
3.86
3.98
7.33
3.94
3.73
3.51
3.91
3.97
4.08
3.86
7.77
4.08
7.08
6.27
3.87
3.86
3.86
4.05
3.91
3.65
4.24
3.96
3.93
4.71
3.76
3.78
6.42
3.91
3.69
3.82
7.48
3.72
4.66
3.58
3.95
3.95
8.28
4.09
8.03
3.67
5.21
3.88
3.84
4.65
3.76
3.91
3.7
3.62
3.5
3.54
3.45
3.44
3.48
3.79
3.94
2.89
3.51
3.65
6.31
3.78
3.42
3.08
3.66
3.32
3.68
3.47
7.46
7.33
3.73
7.26
3.52
3.68
3.59
7.34
3.77
3.53
3.49
3.84
3.47
2.97
3.48
3.0
3.38
7.52
3.46
7.34
5.15
6.15
3.31
5.11
2.94
3.29
3.67
3.42
7.32
7.38
7.56
3.55
3.4
4.49
3.86
3.81
3.95
5.34
4.3
4.38
7.85
3.09
3.82
3.44
7.31
7.17
2.82
3.1
2.45
3.64
3.48
7.5
3.45
3.3
5.3
3.41
7.14
6.63
3.76
4.42
3.86
4.22
4.09
3.76
3.66
4.45
3.62
5.83
3.73
3.02
3.79
3.76
3.97
6.97
3.93
4.21
3.21
5.92
5.57
6.46
7.23
5.26
3.87
3.2
3.45
7.4
5.12
4.26
3.93
2.45
3.63
4.06
4.06
7.37
3.72
3.99
6.25
6.7
3.9
4.13
7.34
3.01
3.17
3.44
7.57
5.81
3.59
3.4
4.8
2.98
3.27
3.67
5.32
3.7
3.55
3.78
5.86
6.5
7.21
7.72
6.79
3.48
3.58
3.72
3.25
2.71
7.11
3.51
3.02
4.16
2.47
2.75
2.98
3.15
5.79
3.09
3.08
3.08
3.07
3.08
3.07
3.07
4.47
3.39
3.12
3.8
3.56
3.11
3.22
3.53
3.31
3.07
3.98
3.25
3.09
3.58
3.65
3.31
3.07
3.39
3.24
4.61
6.29
3.76
6.92
6.72
3.86
3.84
6.17
3.73
7.35
4.26
5.02
6.78
7.27
3.6
5.66
3.38
4.14
6.61
4.64
4.65
3.7
3.76
3.29
4.12
3.43
3.53
3.68
4.17
3.92
3.81
4.04
4.02
4.19
7.25
3.72
5.05
6.53
5.89
3.42
6.86
3.09
3.61
7.24
5.04
7.48
3.63
3.51
5.91
7.13
3.4
6.92
3.95
3.48
6.82
3.44
4.14
3.81
6.52
3.53
6.69
3.73
3.5
6.02
3.5
4.0
3.9
5.63
3.54
3.09
6.55
5.58
3.16
3.88
3.33
3.84
3.36
3.79
5.48
5.38
4.22
4.03
3.87
3.48
4.46
4.19
7.43
3.73
4.14
3.47
4.2
3.93
3.56
5.4
6.7
3.87
3.83
7.24
4.99
3.68
7.28
6.04
3.59
3.73
3.11
3.81
3.56
3.65
3.56
8.03
3.45
7.31
3.23
3.41
3.72
3.41
3.34
3.67
8.05
8.03
6.78
3.56
3.57
3.49
7.14
3.53
3.09
3.28
3.71
3.11
3.29
3.44
5.69
6.76
7.66
6.88
3.36
2.98
6.75
4.45
7.12
4.26
7.42
4.39
7.21
3.59
6.95
4.11
6.85
4.13
3.68
3.66
7.12
3.9
3.07
3.87
8.06
7.45
5.54
4.11
4.36
7.62
3.4
7.89
3.99
5.59
3.86
3.48
4.14
3.85
4.05
3.74
7.63
7.28
4.01
4.09
3.41
5.47
7.47
6.39
4.67
3.74
3.5
6.23
3.85
7.34
6.92
2.89
7.57
6.69
7.42
7.29
3.88
5.79
5.22
3.86
3.84
4.05
4.08
3.85
3.74
3.56
7.46
7.8
3.88
3.69
3.21
3.52
3.59
4.86
4.44
7.44
3.89
6.87
4.4
3.53
5.01
4.65
3.41
3.83
4.01
5.92
3.9
4.05
3.93
3.7
3.84
3.73
3.88
7.85
3.93
4.53
4.51
4.41
3.77
3.81
7.6
4.21
7.12
4.25
7.9
3.78
6.25
3.35
3.75
4.95
3.8
4.24
6.76
5.42
4.53
5.91
3.43
4.19
4.75
4.0
3.65
3.45
6.47
7.14
3.7
3.78
4.24
4.25
7.75
3.87
4.91
4.27
3.74
3.63
4.93
3.63
5.67
3.87
3.89
5.53
7.47
7.64
3.34
3.9
3.49
4.04
3.71
3.52
5.11
3.77
4.71
5.86
5.85
6.02
6.5
4.91
7.01
3.77
3.63
6.71
3.82
3.87
3.88
3.41
3.54
4.0
6.83
5.98
6.13
3.63
3.66
4.33
7.24
6.97
7.91
3.23
7.73
3.32
5.05
7.73
6.81
3.54
3.62
3.31
3.33
3.44
3.35
3.6
3.93
5.94
7.79
3.45
3.6
3.34
7.07
3.66
4.04
3.54
6.75
7.07
7.94
5.43
6.99
3.78
3.41
3.35
4.95
3.44
3.79
7.41
3.86
3.68
3.86
3.52
3.48
7.66
3.61
3.35
7.73
5.96
4.36
3.78
3.54
3.38
3.29
3.79
3.39
3.65
5.87
6.4
7.4
7.8
7.67
3.42
3.5
3.51
3.48
7.04
3.86
3.39
3.54
3.69
3.45
4.31
6.49
4.21
3.34
3.48
3.44
3.49
3.28
7.93
8.08
3.76
3.77
3.85
3.38
7.06
6.58
3.97
3.32
3.37
3.82
3.48
3.48
7.7
3.74
3.34
3.35
4.13
7.09
3.36
7.41
3.52
6.9
7.15
6.16
6.76
6.77
7.64
3.65
3.52
3.57
3.41
2.49
3.66
3.37
3.59
4.98
3.37
5.66
4.76
7.19
7.53
4.72
3.72
7.47
3.73
7.55
7.47
3.68
3.9
7.67
3.61
3.69
5.84
6.8
3.02
7.66
4.49
3.74
3.38
7.88
3.54
3.5
6.48
3.29
3.7
3.81
3.7
3.5
5.92
6.8
7.47
3.74
6.37
3.59
3.76
3.78
3.64
5.98
6.89
7.56
6.75
3.65
3.89
3.35
3.43
3.54
2.99
3.89
7.24
3.3
3.61
7.79
3.43
3.64
2.98
3.89
8.04
8.29
7.16
3.28
3.2
3.54
7.44
3.61
3.37
3.46
3.55
3.58
3.47
7.07
5.81
6.61
5.42
7.63
7.3
3.49
3.47
4.11
3.39
6.16
3.51
3.4
4.3
7.17
3.28
7.06
7.59
3.34
7.77
4.01
4.18
6.92
3.27
3.73
3.95
3.53
3.16
7.06
6.23
3.24
5.58
3.95
3.69
6.85
3.54
4.12
6.92
4.58
3.34
3.55
7.28
5.48
6.73
3.43
3.16
3.31
3.29
3.5
7.42
3.84
7.5
3.08
3.84
6.5
6.18
5.06
3.45
3.72
3.98
4.62
4.68
3.7
3.97
3.33
3.48
5.91
6.61
7.24
7.92
7.37
3.28
3.36
7.39
5.53
3.61
3.57
3.45
7.64
3.75
3.68
6.99
3.37
3.52
3.5
3.1
3.03
3.25
3.04
6.93
4.13
7.08
3.2
3.86
3.36
3.0
3.51
3.64
7.56
7.38
3.5
3.6
3.88
7.35
3.99
4.49
3.49
3.51
4.03
3.17
3.28
5.46
6.86
8.06
3.58
3.33
3.61
4.68
3.04
3.75
7.38
3.17
6.78
7.29
3.72
7.01
3.67
3.07
7.08
3.61
3.53
3.99
3.28
3.6
7.27
6.32
3.53
4.07
7.49
3.39
3.12
3.71
7.35
3.53
7.04
4.32
3.34
3.66
7.44
5.82
7.0
3.34
3.6
3.47
3.54
3.4
7.29
3.79
7.73
3.36
3.84
7.46
6.35
6.6
3.72
3.71
3.38
3.3
6.78
3.14
4.14
5.6
6.31
7.04
7.66
3.16
4.3
8.09
3.7
3.52
4.14
3.72
4.23
3.61
3.71
4.45
3.62
3.36
3.69
2.94
3.55
7.09
3.01
3.63
8.04
3.35
3.36
3.77
3.53
7.79
8.56
3.31
3.04
3.48
7.11
3.99
3.33
3.55
3.72
3.41
3.47
3.35
6.18
6.42
5.75
8.1
7.31
3.71
3.72
4.61
3.78
3.43
3.37
3.35
7.07
3.3
7.25
7.35
3.42
7.19
3.73
3.86
7.0
3.69
3.51
3.97
3.55
3.54
7.29
6.33
3.66
3.4
5.91
3.85
3.81
3.71
7.05
3.1
4.07
6.25
7.0
4.3
3.65
3.54
7.18
5.73
3.41
3.27
3.21
3.71
3.32
7.33
3.73
7.28
3.38
3.45
6.52
6.99
3.33
3.54
4.12
4.66
3.45
3.6
3.48
5.9
7.06
7.18
7.9
3.7
3.35
7.94
6.01
3.7
3.75
3.74
7.53
3.99
3.94
3.31
3.72
3.31
3.28
3.13
3.26
3.14
7.61
4.0
7.07
3.34
3.21
3.72
3.17
3.53
3.71
7.51
7.59
3.24
3.24
3.36
7.35
3.89
4.47
3.13
3.22
4.33
3.14
4.23
5.6
6.81
5.5
7.42
7.84
3.19
3.5
4.45
3.54
3.52
5.24
3.2
3.51
5.11
7.1
2.97
7.04
7.28
3.42
7.08
3.86
3.33
7.12
3.04
3.53
3.64
3.51
3.17
7.24
6.26
3.57
3.78
7.08
4.07
3.84
3.57
3.34
7.1
4.07
4.73
7.82
4.48
3.33
3.66
7.24
5.73
7.47
3.52
3.32
3.3
3.38
3.55
7.16
3.78
7.65
4.08
3.56
7.9
6.99
3.68
3.69
3.11
4.76
2.89
3.6
3.21
3.89
5.81
6.87
7.28
7.98
3.76
3.51
7.62
5.82
3.47
3.69
3.85
3.76
4.12
3.51
3.52
3.68
3.45
3.56
3.89
4.93
4.35
6.76
7.31
6.86
2.56
7.05
7.15
3.74
6.82
6.7
3.9
6.57
5.59
3.95
4.15
3.32
5.1
3.37
5.88
7.65
3.67
3.99
3.05
3.74
3.19
6.7
3.69
2.4
6.59
6.6
6.99
4.01
3.35
7.19
3.85
5.04
5.44
3.64
3.84
4.23
4.14
4.18
7.36
3.28
3.43
7.13
3.12
4.11
4.5
3.63
7.26
5.6
6.73
4.32
2.83
3.25
3.09
6.07
3.51
3.6
4.5
5.73
6.46
7.92
6.63
3.38
3.4
3.64
7.8
6.91
3.58
6.89
3.48
6.82
4.23
3.47
3.58
3.99
3.37
4.08
7.77
3.53
3.49
2.99
6.19
2.96
6.73
3.02
3.41
4.07
3.63
7.28
6.57
3.41
4.21
4.04
9.13
4.19
7.05
3.35
3.98
3.49
4.0
3.4
7.26
4.18
6.5
6.49
3.4
6.96
7.35
7.26
7.85
7.02
6.52
4.16
3.9
3.37
3.23
3.42
6.49
5.67
3.53
3.56
3.24
3.1
3.16
3.28
3.83
3.95
3.26
3.77
5.39
3.78
5.3
3.63
4.34
3.48
3.56
3.5
3.66
4.03
3.59
3.4
3.35
3.46
3.56
3.91
7.02
6.35
6.52
6.76
2.29
5.12
2.17
2.18
3.79
7.47
4.34
3.6
3.32
3.83
7.45
7.21
3.65
6.83
4.46
7.83
2.27
2.94
4.09
3.47
4.08
4.03
3.19
4.15
3.52
4.07
3.62
3.3
6.61
6.33
3.91
4.31
2.28
4.46
2.45
4.54
4.75
6.24
4.91
6.93
5.85
7.2
4.7
4.04
3.75
7.5
5.34
3.53
4.18
3.85
3.52
3.55
6.18
4.18
3.64
3.01
3.64
6.85
4.18
6.72
7.25
4.0
3.91
2.81
3.84
3.95
6.12
4.01
3.56
2.79
4.0
2.87
3.79
4.42
4.09
2.93
4.56
4.78
3.08
4.55
3.89
3.3
3.49
3.68
3.62
3.46
3.26
3.5
3.72
4.08
7.19
4.09
2.25
2.47
5.41
3.84
4.26
4.25
6.05
3.74
6.95
3.52
7.0
3.74
3.55
3.36
3.46
3.61
3.73
3.75
3.74
7.83
3.32
7.48
3.3
7.87
3.7
3.34
3.61
3.75
7.82
7.53
6.61
7.43
3.44
3.7
3.49
7.37
3.62
4.52
3.32
3.46
3.68
3.66
3.89
3.33
5.21
6.87
6.08
8.1
7.66
3.89
4.13
3.47
6.2
3.66
3.66
3.33
3.78
3.72
3.74
3.67
7.77
3.24
3.19
3.02
4.3
7.3
3.6
3.12
6.35
3.73
3.72
7.75
7.64
3.66
3.5
3.09
7.02
3.71
3.11
3.48
3.54
2.87
3.48
3.3
5.68
6.77
7.26
7.03
3.58
3.2
7.79
6.94
4.78
7.46
5.88
3.71
3.0
3.78
3.47
4.03
3.42
3.28
3.17
3.17
3.25
3.33
3.68
3.35
3.08
4.19
3.49
6.75
2.86
3.5
3.26
3.5
4.26
3.59
3.4
3.92
7.84
3.63
6.89
3.43
4.48
3.76
3.26
3.86
3.19
6.83
3.85
3.9
3.47
7.52
3.66
3.86
3.23
3.79
3.32
2.68
3.24
3.47
5.03
6.01
3.54
3.3
3.88
3.41
3.74
6.81
3.64
7.16
7.78
3.74
3.61
3.92
7.57
4.07
3.76
3.16
3.64
3.31
7.01
6.07
4.03
3.01
3.65
3.17
3.39
6.69
4.74
3.95
7.02
4.47
3.6
3.7
7.31
5.45
7.61
3.49
3.28
3.48
3.54
3.73
6.82
4.06
7.21
3.43
3.76
6.2
5.7
7.02
3.31
3.84
3.1
4.28
4.68
3.82
4.08
5.7
6.53
7.3
7.45
7.47
3.23
3.69
3.53
3.78
3.49
6.92
4.42
4.11
6.3
3.56
3.83
3.69
3.09
3.25
3.82
3.08
6.97
3.48
6.73
3.18
3.97
7.87
3.77
3.81
4.41
3.82
6.87
6.81
3.63
3.82
3.94
7.2
3.73
3.41
3.62
3.86
3.37
3.42
3.99
3.54
5.91
6.72
3.77
3.47
3.63
3.61
7.32
3.62
7.49
7.61
3.74
7.38
3.21
4.11
7.6
4.19
3.67
3.58
3.52
3.25
7.43
6.77
3.99
3.22
5.91
5.19
3.35
3.47
6.71
3.28
3.64
5.99
6.26
6.88
4.84
4.36
3.68
7.31
5.31
7.06
3.3
3.46
3.33
3.59
3.81
6.8
4.06
7.54
3.88
3.64
5.35
6.34
3.67
3.9
4.58
4.71
3.92
3.53
3.69
5.65
6.48
7.26
7.52
7.02
6.31
3.51
3.56
5.76
3.58
3.48
3.4
4.07
4.21
3.78
4.14
4.1
5.65
5.09
3.69
4.46
4.87
7.25
6.6
6.94
5.04
6.67
3.88
3.71
4.82
5.07
4.47
3.78
3.07
3.14
7.03
3.44
3.24
3.54
3.58
7.76
4.0
3.46
3.52
4.52
7.14
3.32
4.57
3.53
5.05
3.54
3.62
6.91
7.12
6.74
7.12
3.18
3.22
3.64
3.33
3.91
3.05
3.26
3.3
3.36
7.56
7.15
4.47
6.84
7.86
7.24
7.1
2.98
6.79
3.72
3.65
7.02
3.19
3.37
4.31
3.53
6.24
3.29
6.59
3.1
6.56
7.22
3.81
3.65
3.45
3.06
3.87
3.64
7.04
6.19
3.72
4.23
3.54
5.01
6.54
3.19
6.24
3.65
5.07
6.89
3.7
7.06
5.04
6.19
3.67
6.82
3.54
3.3
3.41
4.86
3.5
3.23
3.63
3.67
3.68
3.48
3.65
7.21
6.87
3.89
3.88
3.46
3.68
3.64
3.31
7.01
3.81
6.34
3.57
3.84
4.16
3.15
3.29
3.34
3.7
5.64
4.46
3.29
3.87
3.83
6.45
4.65
3.9
3.51
3.68
3.7
3.11
3.6
3.41
5.98
4.02
3.64
3.49
3.16
3.26
3.25
3.42
3.08
6.91
3.47
6.62
3.06
3.72
7.94
3.38
3.05
3.57
3.46
6.91
6.94
6.55
3.85
3.26
3.54
7.1
4.01
3.42
3.33
3.49
6.12
3.09
3.26
3.34
5.41
6.33
6.22
7.47
7.56
3.23
3.32
4.75
3.51
3.38
3.13
3.48
7.66
3.52
7.23
7.5
3.29
7.36
3.86
3.95
7.74
3.67
3.37
3.88
3.37
3.4
7.54
6.5
3.88
3.2
7.35
3.05
3.14
3.74
6.78
3.21
3.93
7.12
4.62
3.7
3.48
7.26
5.25
3.37
3.39
3.16
3.59
3.67
7.2
3.8
7.42
3.32
3.55
7.4
5.7
4.48
3.42
3.57
3.45
4.88
5.51
4.07
3.49
3.98
5.68
6.75
7.47
6.78
7.57
3.41
3.14
7.98
7.16
3.35
3.97
3.65
6.94
3.93
4.13
3.56
3.5
3.18
3.15
3.08
3.21
3.16
6.84
3.57
6.87
3.06
3.87
7.79
3.26
3.16
3.66
3.48
6.85
7.1
3.75
3.11
3.35
7.17
3.87
3.38
3.28
3.58
6.17
3.23
3.42
3.09
5.36
6.07
6.42
7.47
7.47
6.88
3.31
3.39
4.57
3.6
3.54
3.25
3.68
4.95
4.14
7.47
3.57
7.34
7.65
3.41
7.43
3.78
3.86
7.89
3.68
3.44
3.8
3.43
3.23
7.68
6.49
3.95
3.26
7.29
3.08
3.29
3.65
6.7
3.13
3.93
7.08
4.48
3.71
3.26
7.57
5.12
3.34
3.34
3.1
3.61
3.71
7.23
3.63
7.51
3.2
3.5
7.11
5.8
4.45
3.45
3.7
3.67
4.77
5.33
4.14
3.46
4.02
5.94
7.33
7.74
6.91
7.54
3.25
3.08
8.08
7.01
3.75
4.08
3.65
6.89
3.96
4.09
7.3
4.11
3.97
5.05
3.52
4.34
7.75
5.89
6.57
5.04
6.07
3.55
3.74
5.13
3.38
3.32
3.58
3.27
3.18
3.9
6.69
6.57
3.58
3.4
3.61
3.87
7.07
3.81
3.81
3.53
4.52
3.7
4.8
3.53
4.4
3.6
3.61
7.1
6.22
7.36
3.55
3.33
3.35
3.53
3.33
3.99
3.48
3.57
4.88
4.14
7.01
6.96
5.28
7.03
3.8
3.53
7.14
4.14
7.26
3.56
4.45
4.85
5.76
3.58
3.57
3.78
3.54
4.13
3.74
6.97
6.03
3.49
4.23
3.64
5.19
6.73
3.64
3.79
6.04
7.94
3.68
5.65
6.7
7.05
4.53
3.72
6.99
5.47
7.23
7.47
3.62
3.56
4.04
3.62
3.6
3.41
3.62
3.88
3.85
3.74
3.77
7.09
7.0
3.89
3.94
3.7
4.16
3.99
4.07
7.03
3.71
6.06
3.66
3.61
3.99
3.63
3.94
5.77
5.57
4.31
3.78
3.59
3.65
4.42
3.79
3.65
3.97
7.21
3.71
3.31
3.49
3.8
3.99
7.01
4.43
7.0
7.12
4.12
7.02
3.71
4.09
4.49
3.45
3.08
3.62
3.67
3.81
3.85
3.52
3.57
3.44
3.67
3.21
3.76
4.01
3.93
3.26
3.87
2.74
3.69
3.99
3.21
3.68
6.7
3.13
3.58
7.65
3.94
3.99
3.77
3.58
2.45
7.19
7.16
2.75
2.78
3.74
4.55
2.94
3.65
3.18
3.15
7.09
6.76
3.21
2.79
7.49
3.6
2.43
4.58
3.25
3.52
3.52
3.91
4.24
3.83
3.88
4.15
3.42
7.53
6.66
3.77
3.84
3.76
3.62
5.53
7.62
2.55
3.51
4.5
7.53
6.2
7.46
4.49
4.04
3.57
5.23
3.62
7.63
3.89
3.73
3.51
3.38
5.36
4.06
3.97
3.78
3.73
7.23
3.5
6.61
7.06
3.74
4.03
2.76
4.26
4.32
5.38
3.83
4.36
6.25
4.34
5.42
2.98
3.87
3.23
3.6
3.54
3.6
6.52
3.66
4.15
4.31
5.89
3.13
4.69
4.27
3.47
6.01
3.61
4.26
5.49
4.07
4.13
3.51
3.68
4.57
3.84
3.83
3.18
7.9
3.54
3.71
4.76
3.25
3.74
2.6
3.97
3.68
4.27
2.53
4.65
4.06
4.06
3.66
3.06
3.43
3.55
3.9
3.21
3.82
3.55
3.57
3.84
3.5
3.96
4.08
6.03
3.85
7.24
2.59
3.42
3.53
3.86
3.31
4.07
4.05
3.14
3.56
3.34
4.08
3.06
6.93
2.85
3.96
3.6
4.0
4.13
8.1
3.08
2.91
3.96
4.36
4.14
2.83
2.72
2.89
6.69
3.34
6.98
6.59
6.79
5.01
2.85
4.09
4.24
5.02
7.19
3.86
6.8
7.01
6.64
2.7
3.12
3.71
3.86
2.72
4.64
3.94
6.93
5.0
4.21
4.0
3.78
3.15
3.83
7.8
3.12
2.34
6.5
4.08
6.17
7.32
4.03
5.23
5.84
3.46
2.41
3.08
3.35
3.11
3.47
7.41
3.39
3.43
7.46
3.63
3.16
4.25
7.59
5.81
3.76
4.39
2.59
2.95
3.39
4.81
5.08
2.44
3.93
2.83
2.27
6.63
3.72
3.3
5.76
4.69
3.67
5.47
2.84
3.21
4.92
2.8
6.56
2.94
7.8
4.51
6.66
2.74
7.12
2.39
2.39
2.79
2.48
7.48
3.0
2.46
3.52
9.17
3.37
6.51
4.32
2.42
2.92
3.14
8.49
6.49
5.34
4.22
7.41
4.68
3.64
5.51
5.32
2.51
5.52
5.88
3.01
2.77
3.64
3.79
4.0
7.43
3.83
3.81
3.74
7.08
6.86
3.94
3.59
3.74
3.58
3.37
7.55
3.95
3.59
3.21
3.49
3.14
4.3
4.24
3.97
4.13
6.91
6.58
6.67
6.36
7.24
7.75
3.15
4.18
3.88
3.25
3.51
7.63
7.51
7.46
3.24
3.61
7.8
7.47
7.34
3.46
3.57
8.13
4.44
3.66
7.78
3.72
7.37
6.55
3.18
3.98
6.92
7.15
3.19
3.36
3.63
6.86
7.99
7.42
3.49
7.38
4.66
3.5
3.57
3.62
7.52
5.53
3.57
3.82
3.57
3.87
7.43
7.48
3.91
3.52
7.93
3.8
3.62
3.9
2.89
3.43
7.36
6.32
3.87
3.87
3.64
4.77
3.41
4.19
3.01
7.65
6.51
3.7
7.65
3.74
7.61
3.68
3.78
3.38
3.76
6.79
7.89
3.7
3.33
3.65
3.43
3.72
3.32
3.33
3.6
3.39
5.18
3.68
3.56
6.26
3.51
3.55
3.27
4.6
3.65
3.36
3.38
4.56
3.26
6.78
3.49
6.77
3.35
3.33
3.34
3.36
7.59
3.75
3.27
3.38
5.99
3.29
4.21
3.4
4.08
3.32
5.07
3.45
3.27
7.27
4.09
3.76
3.32
7.92
3.18
3.55
3.27
3.43
3.35
6.69
3.6
7.43
3.68
5.84
3.31
7.41
7.29
3.33
3.28
3.22
3.27
3.37
7.47
3.54
3.26
6.98
7.61
3.65
5.96
3.62
7.03
3.28
3.41
4.38
3.22
3.31
3.63
3.23
3.3
3.78
3.52
3.7
3.57
7.33
6.46
3.51
3.76
3.33
5.44
3.32
5.23
6.81
3.22
3.2
6.01
6.82
6.35
7.15
4.3
3.58
3.86
7.4
5.41
3.78
7.64
3.5
3.32
3.53
3.59
6.13
3.34
3.65
3.46
3.34
7.29
4.13
7.35
7.41
3.51
3.37
3.6
3.61
3.59
3.46
3.37
7.4
3.49
6.6
3.63
3.33
3.57
3.26
4.23
3.66
3.6
3.34
6.04
4.65
3.57
3.42
3.35
4.31
3.64
3.52
3.26
7.52
3.73
3.36
3.51
3.59
3.46
3.3
3.28
3.45
6.99
4.66
4.12
3.41
3.47
3.22
3.22
3.21
5.54
3.07
3.36
7.56
6.17
3.29
3.45
3.24
3.8
3.29
3.21
3.64
3.27
7.27
3.33
6.68
3.29
3.36
3.3
3.74
7.65
3.37
3.46
3.25
3.25
3.38
3.15
4.0
3.41
5.07
3.22
3.2
6.99
3.47
3.76
3.24
3.18
3.17
3.3
3.34
3.51
7.4
3.34
7.87
3.38
6.13
3.28
7.54
3.33
3.22
3.21
3.21
3.31
7.66
3.36
3.3
7.4
7.39
3.32
5.78
3.52
7.53
3.21
3.09
4.28
3.3
3.48
3.29
3.28
3.74
3.53
3.25
3.46
3.22
7.03
6.04
3.3
3.77
3.3
5.36
3.44
5.28
6.84
3.72
3.2
6.25
6.81
6.95
7.24
4.02
3.25
3.29
7.54
4.9
3.68
4.05
3.38
3.47
3.19
6.62
3.31
3.69
3.23
3.42
7.81
3.29
7.12
7.57
3.36
3.44
3.33
3.39
3.31
3.35
3.47
7.76
3.26
6.74
3.43
3.23
3.61
3.21
3.33
3.17
3.48
3.31
5.22
4.07
3.62
3.37
3.34
4.61
3.37
3.43
3.19
3.26
3.58
3.21
3.51
3.62
3.28
3.56
3.11
6.85
3.19
2.94
3.67
3.48
3.43
3.69
3.85
4.83
4.22
7.69
7.52
2.35
3.64
7.41
3.45
7.54
7.32
3.83
7.08
4.57
3.67
3.75
3.58
3.99
3.89
5.63
7.63
3.49
4.03
5.75
3.54
3.68
7.85
3.53
3.52
5.01
7.44
7.38
4.41
3.49
7.58
3.72
6.78
3.56
3.51
2.34
3.19
7.45
3.42
3.7
7.86
3.55
3.87
3.67
3.19
7.7
5.94
7.39
3.68
2.24
3.41
4.12
5.59
6.69
4.37
3.8
3.64
3.77
6.84
7.71
3.57
3.43
3.99
7.54
3.4
3.67
3.9
3.79
3.67
6.54
4.55
3.79
4.05
2.99
3.13
3.67
3.76
4.65
3.72
3.67
3.76
4.66
3.72
3.89
5.9
3.49
7.18
7.43
4.3
7.29
3.75
3.29
3.96
3.57
7.29
3.85
3.84
3.76
3.69
3.31
3.2
3.81
5.49
7.19
4.73
6.69
3.71
4.0
7.22
3.97
3.88
6.53
5.8
6.93
4.77
3.75
3.5
3.92
7.32
5.42
3.83
3.43
3.79
3.76
3.55
6.27
6.27
6.86
3.97
3.86
3.69
7.74
3.78
3.14
3.36
4.0
7.3
5.57
3.83
3.96
3.39
3.56
3.61
2.36
4.37
4.76
3.6
3.68
7.17
7.38
3.23
3.92
7.43
3.88
3.69
6.94
4.17
3.95
4.01
3.91
3.98
3.94
3.66
5.36
3.7
4.01
3.87
3.59
3.61
6.61
3.93
4.12
3.51
2.88
7.13
3.59
3.79
3.45
3.89
4.02
3.67
3.41
6.59
6.43
4.07
4.17
3.11
2.95
3.59
3.42
6.99
3.65
3.23
3.37
3.67
3.68
7.07
3.32
6.8
6.6
3.7
3.65
7.39
7.33
7.31
7.62
6.82
3.41
3.43
3.53
3.38
3.42
4.58
2.52
4.66
3.57
6.06
7.72
4.11
4.36
8.1
4.55
3.17
7.49
7.77
4.48
7.3
7.71
3.55
3.0
7.74
3.33
3.51
5.69
6.26
3.38
3.21
2.62
2.64
2.92
3.31
4.09
7.12
3.28
6.23
7.63
7.17
4.3
3.47
7.14
3.5
3.34
3.74
3.3
7.67
6.84
3.62
3.42
3.54
3.52
3.31
3.16
3.22
5.56
5.12
3.95
2.93
3.27
7.53
4.03
2.59
7.34
3.54
2.79
7.07
4.94
3.55
3.3
3.49
7.17
5.42
6.09
3.47
3.11
3.47
3.57
4.38
3.84
3.46
3.15
3.29
6.63
7.03
3.42
3.25
2.88
3.66
3.7
3.57
3.28
3.4
2.83
7.28
5.62
3.6
3.62
3.6
3.06
2.79
2.5
3.3
3.34
3.42
3.99
4.04
5.84
6.68
6.95
6.93
7.44
3.25
3.16
3.53
7.65
3.4
3.34
7.01
3.63
3.98
3.58
2.47
3.93
3.51
3.03
3.24
3.65
7.95
3.59
4.08
2.52
3.34
2.61
3.62
3.38
3.7
3.69
2.72
6.69
3.49
3.67
3.67
3.3
6.84
3.37
3.19
3.31
3.35
2.54
2.7
5.48
3.84
6.78
3.03
6.83
6.23
6.02
2.65
7.05
6.46
3.58
3.56
4.02
3.33
3.56
3.71
4.1
3.99
5.0
4.37
3.44
8.45
7.11
7.46
5.06
3.32
6.26
4.0
3.69
4.01
3.71
3.62
3.32
6.74
6.31
4.02
3.59
3.72
3.83
7.15
3.8
3.9
3.65
3.65
4.16
3.33
5.02
3.5
4.95
3.49
3.71
7.43
7.37
3.44
3.7
3.77
3.95
3.98
4.06
3.16
3.07
3.08
3.17
6.4
3.35
4.41
3.15
3.75
5.19
4.41
7.94
6.5
4.14
8.17
3.73
3.83
8.47
3.99
3.73
7.85
7.24
7.41
3.81
3.63
4.14
4.08
4.28
7.2
6.99
3.91
6.93
3.92
3.98
9.84
3.7
7.39
4.36
3.6
3.63
3.97
3.74
7.45
3.91
6.73
6.66
3.64
7.14
7.3
7.12
3.65
3.4
3.79
3.73
3.59
6.71
6.87
7.3
7.24
3.99
7.15
7.65
3.85
7.1
5.32
3.89
4.07
3.97
3.85
3.96
4.13
5.44
6.93
4.11
3.36
4.83
4.3
7.4
4.06
3.93
7.33
7.36
4.79
3.91
7.37
4.11
5.62
3.53
3.58
3.88
4.09
7.4
7.2
3.76
3.71
7.57
3.79
4.21
3.81
4.22
6.88
5.8
3.95
3.89
4.16
4.08
7.51
7.11
3.81
3.77
3.97
7.19
3.86
4.0
7.19
4.06
4.01
4.24
3.8
3.78
4.51
4.6
3.47
6.86
7.05
6.82
3.35
4.56
3.74
5.42
3.82
7.48
3.48
3.76
3.69
7.1
7.22
3.5
6.56
4.62
7.29
3.59
3.05
4.34
3.33
3.76
3.78
3.61
3.58
3.94
3.61
3.89
3.52
6.81
5.69
3.42
3.97
3.42
3.94
5.26
6.66
3.62
3.67
7.58
7.1
4.35
3.55
3.61
7.24
5.32
3.51
7.89
3.77
3.73
3.49
4.71
5.99
3.5
3.93
3.67
3.93
6.91
4.07
7.4
7.2
3.87
3.51
4.11
4.55
4.47
4.18
6.44
3.62
3.71
3.5
3.57
3.09
3.25
7.11
3.5
5.69
5.94
3.72
3.85
3.46
3.31
4.32
3.21
5.72
3.37
3.62
4.62
3.68
3.49
4.08
4.51
3.65
3.54
3.74
7.29
4.02
3.55
4.63
3.37
3.09
4.31
3.42
3.63
3.63
6.89
3.21
3.12
7.2
4.06
7.21
3.95
3.51
3.45
3.72
3.95
3.68
5.05
3.55
3.39
6.43
3.83
3.48
6.37
4.18
3.38
3.22
4.31
3.3
3.39
3.92
3.13
3.67
3.39
6.84
3.97
3.63
3.51
5.41
3.26
4.6
3.31
3.77
3.7
3.36
3.81
6.99
4.72
3.9
7.62
3.21
3.91
3.58
5.25
3.15
6.21
3.7
3.24
3.63
4.06
6.24
6.57
7.46
7.02
7.23
4.89
4.0
7.33
3.38
7.35
7.68
4.01
4.27
7.56
3.65
3.69
5.96
6.52
3.45
7.97
6.6
4.82
3.23
3.33
7.23
3.37
6.48
6.55
7.09
6.51
6.63
6.42
6.57
3.49
3.57
3.94
3.36
4.49
6.7
6.84
3.42
3.93
7.64
4.04
3.8
3.94
3.96
6.91
7.19
6.15
3.62
3.71
3.59
3.33
3.39
3.65
3.49
5.0
6.75
4.8
5.61
3.75
3.59
6.83
3.32
3.92
6.83
3.73
3.11
6.95
4.76
3.7
3.54
3.6
7.0
5.43
6.01
5.78
3.8
3.34
3.63
3.84
4.05
3.79
3.97
3.48
3.54
3.69
6.77
6.62
3.72
7.16
3.9
3.26
3.5
3.32
3.73
3.67
3.79
3.63
7.14
5.79
3.63
3.62
3.51
3.58
4.13
4.5
6.17
3.43
3.69
3.63
3.6
5.92
6.96
7.67
3.86
3.7
3.89
3.62
3.72
7.09
3.82
4.35
3.07
7.3
6.55
3.81
3.88
3.63
4.13
3.9
7.38
4.29
7.5
3.41
7.34
7.05
4.72
3.66
3.5
7.21
6.16
6.26
7.37
6.29
3.59
3.53
3.35
3.26
3.81
6.88
3.53
4.87
3.72
3.92
6.74
4.52
7.24
3.43
6.85
6.92
3.41
7.75
8.29
3.62
4.01
7.87
3.47
3.67
7.33
4.41
5.66
3.7
4.21
5.61
4.01
6.53
7.88
3.55
3.68
3.76
7.56
5.36
3.74
7.81
4.05
4.21
3.42
5.2
4.57
6.5
3.58
6.6
3.37
3.59
6.95
7.42
3.75
3.66
6.86
6.64
6.77
3.57
3.84
3.75
7.29
7.28
3.78
7.2
3.61
4.16
7.33
6.19
4.91
6.23
7.5
7.72
3.64
3.71
3.73
3.44
7.47
4.01
3.62
6.8
4.26
6.78
4.41
4.26
3.77
7.05
7.0
7.49
4.67
5.14
3.74
7.29
3.61
3.55
7.29
2.72
3.35
6.8
2.46
4.53
2.52
2.55
6.24
4.65
6.62
3.63
3.41
3.46
3.3
3.94
3.79
7.37
6.2
3.36
4.01
3.58
4.87
6.53
2.79
8.02
3.46
6.78
6.36
7.38
3.74
3.72
7.09
5.1
7.42
7.26
3.29
6.66
3.41
2.55
4.23
2.41
3.35
3.2
3.48
3.22
3.39
3.06
3.6
7.16
6.94
3.61
3.51
6.63
3.76
3.89
3.75
3.04
6.89
3.67
6.17
3.65
3.79
4.11
2.56
2.49
2.36
2.41
3.9
3.71
5.95
4.28
3.75
3.85
3.61
4.81
3.68
3.53
3.81
7.82
3.75
4.44
3.5
2.91
2.76
3.72
6.71
3.4
7.25
6.89
3.97
6.89
3.14
3.73
3.79
3.48
4.66
3.46
3.67
7.76
5.84
7.33
5.28
6.58
3.69
3.45
3.09
4.4
2.9
2.39
2.7
7.42
3.79
2.89
3.77
3.73
6.69
3.8
3.47
3.48
2.88
4.22
2.74
5.86
4.74
3.53
4.97
3.46
3.63
6.92
7.76
2.49
2.62
2.66
4.88
3.29
3.59
3.1
2.41
2.99
3.93
2.58
3.44
6.71
4.84
5.45
3.54
3.95
3.49
6.51
3.67
3.52
2.92
6.24
3.12
7.43
3.72
6.56
6.35
3.4
6.93
3.67
3.73
3.06
3.39
3.48
7.14
3.43
6.5
3.42
5.53
3.64
3.45
3.41
6.68
3.07
6.81
3.07
3.84
4.55
6.89
7.06
3.31
6.6
3.68
3.19
6.26
7.26
7.25
3.11
3.07
3.3
2.73
2.96
3.1
7.48
3.66
7.02
7.43
3.72
3.69
3.51
7.3
3.23
3.82
3.75
4.67
3.15
5.93
4.38
3.25
3.52
3.67
3.29
7.46
6.02
3.35
3.86
3.94
4.93
6.95
3.15
3.83
3.65
6.72
7.93
6.36
6.56
3.71
6.58
7.12
7.25
3.44
5.07
5.37
7.29
3.64
4.21
3.51
6.99
3.91
6.99
3.78
3.19
3.71
4.25
3.84
3.49
6.75
3.46
5.94
3.59
3.82
4.05
3.13
3.51
3.12
3.9
5.72
5.61
3.9
7.48
4.77
3.52
7.14
6.27
3.58
3.51
7.47
3.41
5.93
3.59
3.63
3.66
3.12
3.88
3.67
6.95
5.92
5.51
3.99
6.87
3.7
7.25
7.29
7.19
4.86
5.37
4.84
6.81
3.66
3.58
7.18
3.51
3.39
6.83
3.45
2.97
6.33
4.88
6.88
3.86
3.97
3.78
3.6
3.98
4.14
7.49
6.63
3.53
4.17
3.77
5.05
6.67
2.7
5.97
8.01
3.52
6.86
6.31
6.85
4.53
3.77
7.43
5.37
7.13
7.41
3.77
6.54
3.63
2.57
2.57
3.57
3.67
4.05
3.35
3.49
3.55
3.73
7.35
7.11
3.65
3.68
6.38
3.78
3.91
4.09
4.39
4.03
7.02
3.85
6.28
3.78
3.85
3.83
3.24
3.75
2.44
2.43
3.89
6.14
4.06
3.63
4.01
3.75
4.65
3.76
3.96
3.72
3.56
4.45
3.93
3.21
4.08
3.98
7.13
3.57
7.39
6.71
4.13
6.61
3.74
3.67
3.71
4.56
3.94
3.12
7.97
6.37
6.62
5.22
6.56
3.81
3.55
4.5
3.39
2.79
2.78
6.92
6.47
6.55
7.16
3.47
3.43
3.73
3.92
7.22
3.89
3.7
3.37
3.83
3.61
6.48
4.61
3.91
5.6
3.51
3.6
6.93
7.24
3.16
3.3
3.76
3.71
3.9
3.99
3.34
2.51
2.51
2.78
7.57
5.17
6.48
7.97
4.79
7.31
3.98
3.83
6.33
4.56
3.73
3.95
3.63
3.22
6.08
5.93
7.08
4.28
3.71
4.65
3.88
3.37
3.62
3.45
3.98
3.46
4.12
3.75
3.93
7.17
4.75
5.79
8.12
4.24
5.14
3.66
3.16
7.62
5.51
7.01
4.37
3.28
4.18
3.61
3.37
3.87
3.67
4.14
4.09
3.75
4.66
3.46
4.3
3.91
7.62
7.37
3.92
3.23
3.35
3.54
3.95
4.38
8.1
3.58
5.9
4.13
4.08
3.48
3.82
4.07
3.86
4.42
4.12
4.07
3.66
4.08
3.6
7.71
4.2
3.47
4.1
3.33
3.27
3.34
5.01
3.76
3.41
6.26
7.86
3.56
4.09
7.58
3.02
6.13
4.09
3.87
5.53
5.31
4.06
4.46
7.1
5.52
7.36
5.49
6.17
4.25
4.08
3.86
3.37
3.97
4.5
7.32
3.6
3.84
3.52
4.01
3.76
3.9
3.25
5.54
4.2
4.62
2.73
3.91
2.94
7.69
4.5
6.59
3.07
2.79
3.39
3.93
4.63
3.52
3.76
3.81
4.51
3.4
3.85
5.14
3.59
3.27
3.23
3.07
3.51
3.25
3.51
7.57
3.33
5.78
3.87
3.53
6.7
7.4
7.28
3.44
3.63
4.92
6.63
7.48
4.04
3.29
3.73
3.64
7.61
6.89
3.39
4.66
3.98
3.55
3.49
3.73
3.03
6.72
6.19
4.16
3.25
5.19
7.56
3.36
3.83
7.19
3.96
3.08
6.82
3.63
3.22
7.24
5.15
5.44
3.58
3.36
3.75
3.83
3.71
7.3
6.82
3.42
3.38
7.54
3.94
3.83
3.99
3.64
7.54
5.42
5.71
3.72
3.65
4.14
3.61
3.99
6.28
6.56
7.44
6.65
3.2
3.6
3.46
3.58
7.4
4.02
3.38
3.93
4.5
4.44
3.87
3.69
6.92
6.38
3.58
3.86
3.32
7.32
6.64
3.66
3.46
3.26
6.91
6.68
6.58
4.06
3.93
3.24
2.83
3.38
3.34
7.47
4.32
4.14
3.44
3.83
3.71
3.85
6.8
7.81
3.53
7.18
6.55
6.47
3.34
6.03
7.18
7.34
7.39
3.95
3.95
4.12
3.58
4.37
3.56
3.16
4.27
4.03
